# timestamp tx ty tz qx qy qz qw
1645868413.52851009 -0.00000000 -0.00000000 0.00000000 0.00000000 0.00000000 0.00000000 1.00000000
1645868421.29097199 0.50652310 -0.03533640 -0.02875469 0.00214816 -0.00073273 0.03265627 0.99946406
1645868422.85917091 1.01868174 -0.00109124 -0.03899425 0.00340836 -0.00055819 0.06401750 0.99794280
1645868424.45601296 1.52496554 0.07043038 -0.04871335 0.00551590 -0.00008406 0.09353816 0.99560041
1645868426.28058100 2.01540524 0.18579843 -0.06646975 0.00650191 -0.00040428 0.11270402 0.99360725
1645868428.02282691 2.50855996 0.29419123 -0.11705672 0.00388038 -0.00008551 0.12900112 0.99163685
1645868429.94584894 3.00713430 0.43213322 -0.13113072 0.00505867 0.00020465 0.13989045 0.99015404
1645868431.35826302 3.49727457 0.59852784 -0.14792151 0.00533832 0.00020117 0.14463861 0.98947013
1645868432.78279901 3.97650871 0.76870104 -0.16066913 0.00501439 0.00033779 0.14983039 0.98869894
1645868434.28204989 4.46155160 0.93442646 -0.17827229 0.00498659 0.00043850 0.15331929 0.98816402
1645868435.78704190 4.94029988 1.08697208 -0.19867899 0.00496700 0.00038027 0.15870961 0.98731274
1645868437.19099092 5.42531139 1.25338287 -0.21397116 0.00473527 0.00083279 0.16671675 0.98599311
1645868438.69272590 5.92536477 1.43711395 -0.23211212 0.00468255 0.00043228 0.16814211 0.98575155
1645868440.19350505 6.41303294 1.60560608 -0.24918887 0.00639486 0.00058090 0.17163142 0.98514031
1645868441.69413900 6.87597487 1.79606540 -0.27204453 0.00699831 -0.00015374 0.18147302 0.98337101
1645868443.12139511 7.35571042 2.01408402 -0.28662244 0.00814364 -0.00016869 0.18523349 0.98266078
1645868444.52787399 7.84304730 2.22909711 -0.30372075 0.00825866 0.00016973 0.18147736 0.98336043
1645868445.85932302 8.31029341 2.42629657 -0.33957694 0.00734631 0.00045085 0.17766719 0.98406311
1645868447.03048205 8.77739429 2.60831309 -0.35748083 0.00719632 0.00084154 0.17268380 0.98495066
1645868448.19326901 9.24791755 2.79548681 -0.40558966 0.00454443 -0.00233233 0.16698953 0.98594544
1645868449.36218691 9.72409553 2.97544658 -0.42523117 0.00493148 -0.00284659 0.16534620 0.98621915
1645868450.52598000 10.22088180 3.14129223 -0.43463447 0.00780065 -0.00272041 0.17590500 0.98437248
1645868451.69236302 10.69728865 3.32877090 -0.44883852 0.00650688 -0.00324601 0.19642881 0.98049113
1645868453.13383198 11.17315855 3.55275145 -0.48261381 0.00446096 -0.00188820 0.21753920 0.97603956
1645868454.63602805 11.63979965 3.76844094 -0.50396303 0.00481918 -0.00096335 0.23333555 0.97238386
1645868456.02756691 12.09105543 4.00320362 -0.52188827 0.00469907 -0.00041623 0.25470881 0.96700629
1645868457.35798407 12.54482786 4.25386459 -0.54569956 0.00440803 -0.00062675 0.27106031 0.96255207
1645868458.64164591 12.99325020 4.52789725 -0.56435763 0.00380255 -0.00076817 0.28031964 0.95989888
1645868459.86144090 13.41877453 4.79978597 -0.58883866 0.00241619 -0.00112861 0.26023628 0.96554128
1645868461.36235499 13.87694166 5.06130076 -0.62391576 0.00204780 -0.00033092 0.20222911 0.97933604
1645868462.96980190 14.33444909 5.29242135 -0.65635034 0.00073742 -0.00086984 0.18073422 0.98353131
1645868464.30361700 14.80760077 5.49459125 -0.67371928 -0.00025707 -0.00162033 0.16519124 0.98626019
1645868465.46985793 15.28347447 5.67724597 -0.70210891 -0.00053809 -0.00168589 0.14775898 0.98902182
1645868466.62492990 15.77502414 5.83563465 -0.72750210 -0.00257507 -0.00275502 0.09511721 0.99545894
1645868467.79605007 16.29944911 5.95498687 -0.74987865 -0.00213567 -0.00223075 0.11089488 0.99382734
1645868469.19081092 16.77917507 6.10456653 -0.76597621 -0.00124151 -0.00237583 0.12149437 0.99258850
1645868470.69127989 17.26845477 6.28805676 -0.76971629 -0.00110940 -0.00289559 0.11110268 0.99380410
1645868471.95805407 17.77628185 6.45558151 -0.77827921 -0.00295175 -0.00467044 0.08760367 0.99614009
1645868472.95209503 18.26772252 6.56481358 -0.79513094 -0.00235665 -0.00448413 0.03996616 0.99918819
1645868474.02311397 18.76483904 6.63522061 -0.81937057 -0.00304336 -0.00473591 -0.00159455 0.99998288
1645868475.02309394 19.26673942 6.67312579 -0.83747471 -0.00374788 -0.00488858 -0.00590184 0.99996361
1645868476.28251600 19.79677927 6.68543651 -0.85266542 -0.00481935 -0.00500766 -0.01347227 0.99988509
1645868477.52033305 20.32174343 6.67644373 -0.86043460 -0.00426812 -0.00533259 -0.00814452 0.99994351
1645868478.68670702 20.82221546 6.70109052 -0.87430488 -0.00411746 -0.00633007 -0.03175185 0.99946726
1645868479.68750000 21.36250648 6.67660041 -0.89261611 -0.00219311 -0.00540052 -0.02817167 0.99958611
1645868480.62399793 21.89080391 6.72690077 -0.96466929 -0.00208486 -0.00383274 -0.00821514 0.99995674
1645868481.45063305 22.39433259 6.73607144 -1.00340530 -0.00383897 -0.00418444 -0.03747496 0.99928143
1645868482.28124189 22.92609362 6.71417782 -1.02524827 -0.00510734 -0.00498482 -0.05483028 0.99847018
1645868483.02371907 23.47670195 6.66740167 -1.03603932 -0.00481661 -0.00429844 -0.04534357 0.99895059
1645868483.78185606 24.00910316 6.62263666 -1.06500741 -0.00257049 -0.00526255 -0.03127070 0.99949379
1645868484.44757700 24.51127103 6.60569485 -1.08187211 -0.00234902 -0.00547680 -0.02979615 0.99953823
1645868485.27788806 25.05220280 6.58637889 -1.10022277 -0.00247371 -0.00580302 -0.03186831 0.99947217
1645868486.11611009 25.56632556 6.61822038 -1.13303186 0.00069511 -0.00775719 -0.03970313 0.99918117
1645868486.95783710 26.08198280 6.59654089 -1.16508448 0.00129674 -0.00741293 -0.03388914 0.99939726
1645868487.78471994 26.58844218 6.58691778 -1.16829512 0.00343298 -0.00742811 -0.01227376 0.99989119
1645868488.68927693 27.13277841 6.60542145 -1.17806617 0.00336900 -0.00759102 -0.01767853 0.99980923
1645868489.52028489 27.65605917 6.61082819 -1.18939879 0.00301799 -0.00788347 -0.02826557 0.99956481
1645868490.52687097 28.19322914 6.58978924 -1.19908316 0.00366804 -0.00781916 -0.02210444 0.99971836
1645868491.52167106 28.73324058 6.56133581 -1.20662776 0.00330525 -0.00807078 -0.03106543 0.99947930
1645868492.45864892 29.25398191 6.53382789 -1.22109451 0.00324704 -0.00818985 -0.04061026 0.99913622
1645868493.35567498 29.77469580 6.49327809 -1.23228921 0.00352220 -0.00819488 -0.03854037 0.99921723
1645868494.28929305 30.31886857 6.40370194 -1.24779566 0.00450125 -0.00793445 -0.02489366 0.99964848
1645868495.18839693 30.82071521 6.34524398 -1.25505700 0.00439863 -0.00773953 -0.02378069 0.99967756
1645868496.18666101 31.36314555 6.33495925 -1.27276049 0.00506814 -0.00850188 -0.02252735 0.99969723
1645868497.28810906 31.86964443 6.29884728 -1.27804844 0.00529423 -0.00879939 -0.01162493 0.99987969
1645868498.18711209 32.42034038 6.27874717 -1.28984826 0.00622712 -0.00854791 0.00536236 0.99992970
1645868498.95241594 32.94875803 6.28476123 -1.33480743 0.00531223 -0.00672151 0.02318034 0.99969459
1645868499.78011203 33.51902374 6.31640768 -1.31033417 0.00486538 -0.00635178 0.01175394 0.99989891
1645868500.61588907 34.02753628 6.31905786 -1.27561764 0.00452896 -0.00596713 -0.00494527 0.99995971
1645868501.62267709 34.55979963 6.32972254 -1.35071498 0.00189294 -0.00607923 -0.00671693 0.99995717
1645868502.68683696 35.08435538 6.33368274 -1.35550793 -0.00038781 -0.00592886 0.00082153 0.99998201
1645868503.45649505 35.56296841 6.38661050 -1.52933676 -0.00281758 -0.00780943 -0.00926533 0.99992261
1645868504.28580689 36.07678919 6.39852457 -1.54403803 -0.00310671 -0.00850194 -0.02432771 0.99966306
1645868505.28497910 36.59524535 6.31603945 -1.51021911 -0.00253183 -0.00782692 -0.01981589 0.99976980
1645868506.28681207 37.10101632 6.36385933 -1.49409902 -0.00112489 -0.00719804 -0.01360286 0.99988094
1645868507.18560791 37.64937550 6.33587703 -1.51046611 -0.00195206 -0.00720586 -0.02284824 0.99971107
1645868508.02540898 38.15917244 6.34617241 -1.52431249 -0.00197042 -0.00748558 -0.03572687 0.99933161
1645868508.85170603 38.68661824 6.31621127 -1.53553529 0.00051374 -0.00746240 -0.02194470 0.99973120
1645868509.62213898 39.21346970 6.32158517 -1.55505650 0.00100729 -0.00708529 -0.02362785 0.99969521
1645868510.35030007 39.75940264 6.31439591 -1.56662742 0.00198684 -0.00703431 -0.01790506 0.99981297
1645868511.11215806 40.29481448 6.29155947 -1.59747531 0.00378676 -0.00700819 -0.01742380 0.99981646
1645868511.78268290 40.79499240 6.28537537 -1.61596207 0.00333973 -0.00771587 -0.03325270 0.99941161
1645868512.51752806 41.36169587 6.25422133 -1.62673647 0.00197932 -0.00804925 -0.05104920 0.99866174
1645868513.28459191 41.86866595 6.24834745 -1.65104767 0.00320953 -0.00872279 -0.03918901 0.99918859
1645868513.94879293 42.38676864 6.23875621 -1.66503088 0.00336050 -0.00843588 -0.02855982 0.99955084
1645868514.61727405 42.90129101 6.23256362 -1.69116821 0.00494716 -0.00873810 -0.04228973 0.99905493
1645868515.28447795 43.43747516 6.20910831 -1.70612362 0.00534819 -0.00941253 -0.05999243 0.99814013
1645868515.85619593 43.94080765 6.16342448 -1.71386718 0.00426956 -0.00924096 -0.07657393 0.99701194
1645868516.51905107 44.48633604 6.09657350 -1.71469445 0.00320495 -0.00918548 -0.09295061 0.99562319
1645868517.18463206 45.04754975 6.00020143 -1.73325417 0.00333799 -0.00765788 -0.11287172 0.99357445
1645868517.85208607 45.59233055 5.88873284 -1.76147422 0.00376796 -0.00715964 -0.13084551 0.99136976
1645868518.51739192 46.10768671 5.75866917 -1.76645815 0.00246079 -0.00720210 -0.13691212 0.99055396
1645868519.18509603 46.62898791 5.63425886 -1.78989303 0.00385117 -0.00768875 -0.13774590 0.99043027
1645868519.95750999 47.14909319 5.49849471 -1.82617231 0.00424419 -0.00819380 -0.13899174 0.99025055
1645868520.78788209 47.66980354 5.35635807 -1.85951098 0.00427384 -0.00825429 -0.13614136 0.99064582
1645868521.51767707 48.16496481 5.23119836 -1.87154397 0.00455160 -0.00800548 -0.12672590 0.99189503
1645868522.28322291 48.65813462 5.11852584 -1.91399795 0.00326536 -0.00769889 -0.12127568 0.99258364
1645868523.11275291 49.14819332 4.99816641 -1.92707333 0.00361121 -0.00771475 -0.11054406 0.99383472
1645868523.94962406 49.65673155 4.88811108 -1.94384072 0.00414841 -0.00701897 -0.06931558 0.99756146
1645868524.77563691 50.17829458 4.81595051 -1.95116644 0.00306233 -0.00640080 -0.06332202 0.99796792
1645868525.51419091 50.73861399 4.75086615 -1.96990185 0.00315458 -0.00661304 -0.06462534 0.99788270
1645868526.18204594 51.29143622 4.69418150 -1.98605494 0.00253807 -0.00679040 -0.07523322 0.99713961
1645868526.84851193 51.80418703 4.61516034 -1.99204395 0.00273211 -0.00672300 -0.08581958 0.99628426
1645868527.51420093 52.29905231 4.53758239 -2.00523579 0.00256756 -0.00684283 -0.09186214 0.99574491
1645868528.27228904 52.85430407 4.44340413 -2.01976632 0.00324388 -0.00632397 -0.07220899 0.99736420
1645868529.01246309 53.38640943 4.37551732 -2.03558327 0.00237267 -0.00542817 -0.05409670 0.99851813
1645868529.84675694 53.90625566 4.30871353 -2.03350598 0.00464206 -0.00595199 -0.04659746 0.99888523
1645868530.77755094 54.43244334 4.26071062 -2.07308462 0.00434507 -0.00597026 -0.03761370 0.99926507
1645868531.84600997 54.95772317 4.22090745 -2.10314020 0.00422913 -0.00640109 -0.03849079 0.99922950
1645868532.61467791 55.47577663 4.19369586 -2.12273988 0.00427576 -0.00683148 -0.04723071 0.99885149
1645868533.34464788 56.02233501 4.15116650 -2.13314483 0.00368338 -0.00621367 -0.04907640 0.99876891
1645868534.01322007 56.52799439 4.10424891 -2.15008401 0.00433752 -0.00640719 -0.04274643 0.99905599
1645868534.67696095 57.05276145 4.06590721 -2.16295100 0.00332326 -0.00557381 -0.03138299 0.99948637
1645868535.34480691 57.59130095 4.02233609 -2.16846791 0.00456888 -0.00558101 -0.02317180 0.99970548
1645868536.01018500 58.11525149 3.98769926 -2.18398563 0.00459422 -0.00544182 -0.01972429 0.99978009
1645868536.67607689 58.63008673 3.97073561 -2.19878334 0.00399707 -0.00519205 -0.02160278 0.99974516
1645868537.43468690 59.15949713 3.92330116 -2.20858754 0.00377887 -0.00499197 -0.02047380 0.99977079
1645868538.26923394 59.70273704 3.88764088 -2.21721888 0.00462135 -0.00481084 -0.00818615 0.99994424
1645868539.10299897 60.22546415 3.86759472 -2.24021078 0.00416066 -0.00507482 0.01931210 0.99979197
1645868540.01207495 60.74472294 3.87950957 -2.25508131 0.00527293 -0.00454859 0.04467058 0.99897750
1645868540.84539795 61.28313879 3.94131638 -2.27244095 0.00523635 -0.00525914 0.03121719 0.99948507
1645868541.67818594 61.83218995 3.96881294 -2.28730678 0.00415798 -0.00588577 0.00339593 0.99996827
1645868542.43413711 62.35363716 3.97159199 -2.31005616 0.00228721 -0.00693745 0.00334791 0.99996772
1645868543.10132408 62.86433348 3.99782208 -2.34322369 0.00248984 -0.00673242 0.00052108 0.99997410
1645868543.84661603 63.40718709 3.98881955 -2.35039926 0.00337564 -0.00700119 0.00431285 0.99996049
1645868544.51139092 63.91665473 4.00587529 -2.36006405 0.00316848 -0.00704240 -0.00211802 0.99996794
1645868545.26398492 64.47135823 4.00348747 -2.37353804 0.00311466 -0.00777123 -0.01135750 0.99990045
1645868546.00838399 64.99617420 3.98998963 -2.39321352 0.00481692 -0.00767799 0.01149215 0.99989288
1645868546.76733804 65.50821539 4.00286657 -2.41137047 0.00304003 -0.00848554 0.00853346 0.99992296
1645868547.51068592 66.03894304 4.03160542 -2.41034447 0.00293001 -0.00808833 0.00953380 0.99991755
1645868548.26120591 66.54147073 4.03235214 -2.42171442 0.00290393 -0.00815973 0.01184218 0.99989237
1645868548.93217492 67.04995275 4.04383438 -2.42626864 0.00389336 -0.00799213 0.02412296 0.99966947
1645868549.60547590 67.57248176 4.07986872 -2.43228129 0.00484478 -0.00732212 0.01032998 0.99990810
1645868550.34143090 68.13557662 4.09437628 -2.44077534 0.00658690 -0.00632044 0.01456042 0.99985232
1645868551.10106897 68.69295275 4.12387975 -2.45907262 0.00617571 -0.00609571 0.02071562 0.99974775
1645868551.76491499 69.19437177 4.14555068 -2.46099411 0.00927073 -0.00436009 0.01136585 0.99988292
1645868552.43254709 69.70588293 4.16658486 -2.46389105 0.01045551 -0.00369669 -0.00294839 0.99993416
1645868553.17721701 70.23077535 4.17905998 -2.47577283 0.00971942 -0.00394367 -0.01317684 0.99985817
1645868553.93135691 70.75628562 4.17285426 -2.49105150 0.01036147 -0.00380342 -0.00333994 0.99993351
1645868554.67664790 71.28852401 4.16990727 -2.50952967 0.01174791 -0.00362613 0.01099760 0.99986394
1645868555.43230104 71.83141062 4.18748803 -2.52391922 0.01263230 -0.00343356 0.02217594 0.99966838
1645868556.17753196 72.33656515 4.21276530 -2.54840440 0.00713489 -0.00534664 0.02439861 0.99966255
1645868556.93203497 72.87722465 4.25027234 -2.56050557 0.00840811 -0.00530887 0.01757064 0.99979618
1645868557.67789698 73.40513162 4.28675959 -2.58058453 0.00801024 -0.00599023 0.01338051 0.99986045
1645868558.51277304 73.95226824 4.30989233 -2.60447716 0.00689790 -0.00697555 0.01383791 0.99985613
1645868559.43470907 74.45946845 4.34983586 -2.65623774 0.00226868 -0.01043998 0.01462871 0.99983592
1645868560.42749906 74.94465758 4.39906500 -2.90155638 -0.00728041 -0.02288751 -0.01333595 0.99962258
1645868561.84602809 75.45117356 4.39261081 -2.88435447 -0.00622887 -0.02296914 -0.03340151 0.99915863
1645868562.93620205 75.77072535 4.28839294 -3.26524768 0.00348365 -0.02422512 -0.02242046 0.99944901
1645868564.50799394 76.28324048 4.25971379 -3.32386971 -0.00253398 -0.01902747 0.01194789 0.99974436
1645868566.93771100 76.78760165 4.29394067 -3.32325511 -0.00762733 -0.02502690 -0.00349167 0.99965158
1645868568.67858791 77.32031175 4.28947751 -3.36187121 -0.01069899 -0.03126311 -0.00156213 0.99945270
1645868569.59988499 77.86019197 4.29408490 -3.35526418 -0.01045248 -0.03152720 0.00563427 0.99943236
1645868570.43478703 78.40799694 4.31270916 -3.33505200 -0.01024086 -0.03045394 0.01992061 0.99928517
1645868571.26686811 78.97110336 4.35147924 -3.30061586 -0.00962931 -0.02941177 0.02375863 0.99923859
1645868572.01338291 79.51898740 4.40002760 -3.28666291 -0.00919284 -0.02913570 0.01667453 0.99939410
1645868572.77007008 80.02281350 4.43497054 -3.28244298 -0.00978513 -0.02930560 0.01363765 0.99942956
1645868573.60073805 80.56117113 4.45783043 -3.27237105 -0.01056075 -0.02951817 0.00899340 0.99946799
1645868574.51345611 81.08170280 4.48334846 -3.27593139 -0.01204676 -0.03097403 0.00590291 0.99943016
1645868575.44146609 81.59475742 4.48876308 -3.26599017 -0.01234175 -0.03086579 0.01663633 0.99930887
1645868576.51662707 82.12113693 4.51566440 -3.25690201 -0.01207860 -0.03136635 0.02644542 0.99908503
1645868577.51347995 82.65520471 4.54075380 -3.24768894 -0.01211598 -0.03084873 0.03633432 0.99878996
1645868578.67907095 83.17654216 4.58202162 -3.24031990 -0.01192806 -0.03020659 0.06312223 0.99747725
1645868579.94451094 83.70422644 4.65624726 -3.25337510 -0.01235131 -0.02897701 0.09623267 0.99486032
1645868581.11080098 84.20618593 4.77792290 -3.25446592 -0.01340737 -0.02711177 0.13034618 0.99100710
1645868582.45070791 84.70929851 4.91496788 -3.24781856 -0.01127660 -0.02508651 0.18634678 0.98209897
1645868583.84170699 85.19384639 5.09921466 -3.22837188 -0.01356361 -0.02359782 0.21086966 0.97713518
1645868585.11006188 85.66290970 5.29275363 -3.21705263 -0.01498179 -0.02258693 0.23838961 0.97079131
1645868586.27384090 86.11744020 5.53578436 -3.21342678 -0.01561390 -0.02117747 0.26469767 0.96397244
1645868587.43681192 86.57351788 5.78209164 -3.21884896 -0.01552426 -0.01875822 0.30481274 0.95210100
1645868588.50097203 86.99770057 6.09801303 -3.22278319 -0.01608342 -0.01487601 0.36797176 0.92957884
1645868589.93776393 87.36467311 6.44004981 -3.23550962 -0.01547608 -0.01065649 0.43505932 0.90020571
1645868591.44534898 87.69213043 6.84444454 -3.23987967 -0.01318493 -0.00603062 0.50134078 0.86512844
1645868593.51025605 87.95491562 7.29353126 -3.23673105 -0.01505380 -0.00346562 0.56684800 0.82367756
1645868595.01266289 88.13262925 7.77463332 -3.29853770 -0.01506894 -0.00180784 0.62389383 0.78136173
1645868596.29999208 88.24042702 8.27382037 -3.30548962 -0.01271257 0.00043117 0.64477116 0.76426982
1645868597.34764791 88.31744510 8.77532088 -3.33692313 -0.01232996 0.00029389 0.64675459 0.76259845
1645868598.67965889 88.40543926 9.27777887 -3.37839397 -0.01253151 0.00185035 0.68100997 0.73216457
1645868599.97293091 88.41824819 9.78542182 -3.41609297 -0.01332721 0.00139951 0.68066156 0.73247544
1645868601.01216602 88.45515796 10.29487351 -3.44980372 -0.01335186 0.00178538 0.68985045 0.72382657
1645868602.01411295 88.47312700 10.83745359 -3.48123915 -0.01339673 0.00078641 0.68169581 0.73151263
1645868603.29980612 88.50318034 11.33662613 -3.50653438 -0.01349878 0.00050812 0.68385249 0.72949523
1645868604.62730098 88.53978858 11.85564494 -3.53383903 -0.01219256 0.00264382 0.70638728 0.70771559
1645868605.79084897 88.52720181 12.38280363 -3.56836528 -0.01121804 0.00566145 0.74106069 0.67132046
1645868606.84127402 88.46498338 12.89862647 -3.60343660 -0.01090941 0.00651217 0.75065229 0.66057529
1645868607.94782090 88.38932014 13.40536286 -3.63202103 -0.01112737 0.00571095 0.74180156 0.67050280
1645868609.11946106 88.32532646 13.91313493 -3.65795300 -0.01157409 0.00411803 0.73224346 0.68093216
1645868610.34112191 88.27686861 14.43664961 -3.67953362 -0.01185769 0.00297263 0.72095651 0.69287248
1645868611.45595503 88.25398718 14.94479532 -3.71192757 -0.01168682 0.00314232 0.71669803 0.69727862
1645868612.67510104 88.23809773 15.46742864 -3.74732217 -0.01155680 0.00323357 0.71026261 0.70383451
1645868613.79188204 88.23568424 15.98576760 -3.77036301 -0.01175573 0.00328663 0.70724616 0.70686198
1645868614.79463196 88.24339057 16.49927830 -3.79731316 -0.01178708 0.00350855 0.70456072 0.70953713
1645868615.79566002 88.25236308 17.04459875 -3.83408755 -0.01173697 0.00380175 0.70572342 0.70838001
1645868616.79831409 88.24503220 17.57906912 -3.86516200 -0.01198839 0.00366831 0.70100019 0.71305088
1645868617.84266710 88.23859304 18.08599842 -3.89956005 -0.01155844 0.00449626 0.70579569 0.70830688
1645868618.96580195 88.24805218 18.62399031 -3.93390532 -0.01141208 0.00459149 0.70589827 0.70820641
1645868620.13174891 88.24146404 19.14944083 -3.96405902 -0.01147613 0.00477747 0.70749922 0.70660479
1645868621.14180803 88.24066593 19.65155015 -3.99482034 -0.01109161 0.00507348 0.70974055 0.70435757
1645868622.29792500 88.23106303 20.16177794 -4.02327931 -0.01064997 0.00558351 0.71629827 0.69769062
1645868623.50638890 88.21181600 20.68608337 -4.05712936 -0.00999302 0.00622584 0.72302972 0.69071658
1645868624.63455510 88.17634860 21.22358631 -4.08996690 -0.00975998 0.00658165 0.72563880 0.68797511
1645868625.79936504 88.14439853 21.72448374 -4.12202199 -0.00946139 0.00708492 0.73011088 0.68322645
1645868627.50964093 88.11134360 22.22715857 -4.14674960 -0.00753931 0.01024485 0.76817387 0.64011491
1645868629.95770192 88.07246997 22.73599704 -4.16501299 -0.00139347 0.01609641 0.82383373 0.56660122
1645868632.27116299 87.92519900 23.22307082 -4.18765687 0.00032653 0.02095913 0.88066314 0.47327903
1645868634.50030994 87.65184401 23.64159271 -4.21799309 0.00311112 0.02574617 0.92048135 0.38992505
1645868636.33160210 87.28168789 23.99996932 -4.24101227 0.00562979 0.03043468 0.95000875 0.31068540
1645868637.99836206 86.86264002 24.28727136 -4.28801696 0.00719336 0.03259138 0.97507014 0.21937247
1645868639.66686797 86.40575209 24.49949638 -4.31345730 0.00808202 0.03531455 0.99259718 0.11592409
1645868641.17030191 85.91717653 24.62065161 -4.33292061 0.01056282 0.03948848 0.99895751 0.02032215
1645868642.43043590 85.38281697 24.61979490 -4.34327965 0.01034055 0.03851527 0.99919858 0.00344062
1645868643.42990088 84.86932937 24.61426130 -4.39781465 0.00962362 0.03964837 0.99903082 0.01651690
1645868644.33621597 84.35783316 24.61931913 -4.40542920 0.00971930 0.03903442 0.99904224 0.01721769
1645868645.17061090 83.83475961 24.61970473 -4.41578327 0.00972792 0.03886584 0.99913897 0.01077645
1645868646.00271297 83.31475604 24.60846211 -4.42462435 0.00995401 0.03860946 0.99920306 0.00186446
1645868646.83644605 82.76937856 24.59993200 -4.43789922 0.00984721 0.03883689 0.99918328 -0.00524512
1645868647.59750891 82.25982205 24.58288977 -4.44793844 0.00974714 0.03870583 0.99919650 -0.00363524
1645868648.33616590 81.73745424 24.57051194 -4.46248011 0.00983199 0.03827176 0.99921744 0.00176196
1645868649.09458208 81.18887787 24.54642561 -4.47293953 0.00969552 0.03769389 0.99918796 0.01042033
1645868649.83779001 80.66048339 24.54653978 -4.48396084 0.00959279 0.03596894 0.99913946 0.01829097
1645868650.59924698 80.13080939 24.54435520 -4.49439240 0.00939478 0.03626971 0.99902947 0.02315955
1645868651.33653688 79.57802712 24.54759656 -4.50624923 0.00969946 0.03650123 0.99920176 0.01301627
1645868652.09903693 79.04941739 24.53419828 -4.52872175 0.00969546 0.03803198 0.99918876 0.00902208
1645868652.83830094 78.49501310 24.52309684 -4.54301616 0.00950377 0.03784095 0.99907459 0.01810255
1645868653.59905100 77.93889981 24.52346863 -4.55438433 0.00934176 0.03728309 0.99889776 0.02694388
1645868654.33780909 77.37738024 24.52446727 -4.56045047 0.00910270 0.03681592 0.99885419 0.02918966
1645868655.00669003 76.86674238 24.53598384 -4.57004317 0.00897890 0.03658869 0.99895900 0.02572104
1645868655.67292404 76.35844341 24.55285048 -4.57923228 0.00866083 0.03689597 0.99902689 0.02255988
1645868656.33789802 75.85144829 24.54307414 -4.59011092 0.00860362 0.03734397 0.99900686 0.02273108
1645868657.00561190 75.34142650 24.53638399 -4.59819354 0.00853198 0.03666268 0.99891670 0.02735851
1645868657.67103410 74.80214620 24.54271611 -4.60890078 0.00837005 0.03597981 0.99844782 0.04168145
1645868658.33567190 74.29171394 24.56233419 -4.61884288 0.00814317 0.03531022 0.99807317 0.05036700
1645868659.09807992 73.74619380 24.59056271 -4.63331695 0.00807507 0.03559821 0.99820907 0.04739428
1645868659.83737493 73.23471016 24.61566955 -4.64686661 0.00828780 0.03600148 0.99865357 0.03641785
1645868660.59856701 72.72493680 24.63024963 -4.65932146 0.00854979 0.03556817 0.99886405 0.03053547
1645868661.33725691 72.19943163 24.63709612 -4.67495771 0.00842324 0.03518528 0.99880519 0.03285164
1645868662.09874797 71.66650990 24.65122027 -4.69466059 0.00827878 0.03469815 0.99854707 0.04038861
1645868662.83848310 71.15662773 24.68067483 -4.70831289 0.00827979 0.03480846 0.99837439 0.04436665
1645868663.59456706 70.62952553 24.69752794 -4.72317980 0.00859222 0.03448784 0.99831245 0.04592412
1645868664.42987204 70.09921865 24.73092991 -4.73767014 0.00871964 0.03489484 0.99854449 0.04018986
1645868665.26351690 69.58094588 24.75096514 -4.74755076 0.00888611 0.03608573 0.99869497 0.03503175
1645868666.09860492 69.05519031 24.78218801 -4.76019567 0.00928035 0.03644242 0.99889420 0.02821708
1645868666.94013906 68.52356316 24.80728650 -4.77809596 0.00950869 0.03666352 0.99922626 0.01059493
1645868667.83813095 67.99331523 24.79920907 -4.80346253 0.00963200 0.03632939 0.99929327 0.00060265
1645868668.77201295 67.48070961 24.79515304 -4.81199198 0.00963366 0.03693468 0.99927125 -0.00001693
1645868669.77242994 66.94945218 24.77720685 -4.82072399 0.00973290 0.03731762 0.99919724 -0.01084162
1645868670.67407393 66.44492595 24.75270184 -4.82910195 0.01026111 0.03799636 0.99889837 -0.02555456
1645868671.67339492 65.90390918 24.69444623 -4.83459030 0.01059247 0.03804892 0.99831387 -0.04253810
1645868672.77282190 65.37610471 24.64272072 -4.84677879 0.01090134 0.03850506 0.99756984 -0.05703456
1645868674.10753989 64.87771477 24.57787596 -4.84883353 0.01101864 0.03843489 0.99626414 -0.07654482
1645868675.17061305 64.34343297 24.46999073 -4.84765837 0.01158523 0.03936084 0.99405026 -0.10089886
1645868676.09667993 63.84157555 24.35855632 -4.84689588 0.01211207 0.04087686 0.99091224 -0.12757472
1645868677.09759498 63.31986668 24.19492951 -4.85725505 0.01272986 0.04003661 0.99159433 -0.12237524
1645868678.00655794 62.80339530 24.04640420 -4.85898839 0.01226955 0.03831112 0.99696500 -0.06665217
1645868679.00748396 62.27185493 23.94727262 -4.85757119 0.01229127 0.03635691 0.99865267 -0.03492765
1645868679.84083700 61.76737047 23.90508319 -4.86947507 0.01176116 0.03601333 0.99927054 -0.00480718
1645868680.78197598 61.24080145 23.88534386 -4.89135589 0.01126158 0.03565959 0.99893275 0.02710977
1645868682.34273291 60.73153052 23.88929865 -4.89786997 0.01132581 0.03743165 0.99922872 0.00354306
1645868683.61541200 60.21302999 23.86037505 -4.90303820 0.01108121 0.03650636 0.99924334 0.00756579
1645868684.78119397 59.69800905 23.85274395 -4.90293869 0.01065863 0.03623696 0.99917139 0.01515955
1645868685.84183407 59.17642954 23.85895847 -4.91790265 0.01066106 0.03611588 0.99914282 0.01719319
1645868686.94973111 58.67485898 23.86766812 -4.91611953 0.00994534 0.03686582 0.99919949 0.01193207
1645868688.17640305 58.15306725 23.86104158 -4.92938975 0.00999458 0.03674807 0.99927420 0.00087236
1645868689.28093100 57.63339512 23.85539619 -4.94312263 0.00985369 0.03716294 0.99925947 0.00152573
1645868690.33982897 57.11938148 23.84696721 -4.95528995 0.00955293 0.03669455 0.99927830 0.00226667
1645868691.67718410 56.61684268 23.84486195 -4.96454452 0.00921547 0.03665113 0.99918194 0.01439518
1645868692.80363798 56.09902031 23.85542827 -4.97411516 0.00930319 0.03659515 0.99914654 0.01674604
1645868693.78630900 55.59122113 23.84901661 -4.98140546 0.00938659 0.03718303 0.99920384 0.01100025
1645868694.77990890 55.06296173 23.82579365 -4.98713102 0.00900864 0.03645421 0.99911556 0.01892197
1645868695.84056807 54.56299561 23.82195262 -4.99335260 0.00877374 0.03571762 0.99914889 0.01867542
1645868696.95118999 54.00461364 23.82156258 -5.00642600 0.00876620 0.03572601 0.99919678 0.01589333
1645868697.83993912 53.50399316 23.82935012 -5.01892151 0.00878309 0.03550792 0.99920588 0.01580020
1645868699.14561391 52.99817040 23.83256302 -5.04190178 0.00863102 0.03460071 0.99907192 0.02415759
1645868701.78967690 52.47062055 23.83397067 -5.05749625 0.00806579 0.03072818 0.99899857 0.03150534
1645868703.17258406 51.93765153 23.85663084 -5.06323032 0.00782617 0.02997481 0.99864886 0.04172182
1645868704.67235398 51.41784622 23.85841014 -5.08131506 0.00767638 0.02892331 0.99862555 0.04302946
1645868707.12338209 50.89691881 23.88812490 -5.05891351 0.00820140 0.03169276 0.99880088 -0.03640205
1645868708.79598689 50.39148502 23.85664352 -5.06382721 0.00819620 0.02967291 0.99952400 -0.00202835
1645868710.33973503 49.88751921 23.85387656 -5.06656927 0.00808424 0.02925360 0.99949153 0.00977490
1645868711.95716405 49.38225094 23.85451835 -5.07066731 0.00866298 0.03241165 0.99943702 -0.00027636
1645868713.33969688 48.86323626 23.83146449 -5.08691233 0.00840281 0.03066468 0.99929530 0.01994950
1645868714.67410803 48.35691971 23.81576504 -5.10044909 0.00798056 0.02985605 0.99821382 0.05112815
1645868715.78532195 47.80625114 23.84450333 -5.12357527 0.00813037 0.02895243 0.99815701 0.05270907
1645868716.78379512 47.30594158 23.87392686 -5.13711015 0.00806411 0.02881427 0.99809807 0.05389765
1645868717.78842592 46.78598379 23.90617930 -5.14350959 0.00779986 0.02857229 0.99678341 0.07446898
1645868718.66944289 46.25367179 23.96604499 -5.15969547 0.00757762 0.02823988 0.99433008 0.10223888
1645868719.95252705 45.73589019 24.04875606 -5.18137220 0.00760176 0.02779058 0.99329188 0.11198724
1645868720.95495296 45.21218635 24.15076635 -5.17976010 0.00701709 0.02841569 0.99492454 0.09627294
1645868721.83442807 44.67625303 24.24150148 -5.19642612 0.00736515 0.02986517 0.99736549 0.06569558
1645868722.80618906 44.15253513 24.29514248 -5.21262175 0.00755827 0.03011171 0.99808441 0.05351332
1645868723.78977394 43.64051237 24.32653609 -5.22706917 0.00777275 0.02957680 0.99812601 0.05300244
1645868724.66989398 43.12960578 24.36558226 -5.24005465 0.00768252 0.02919466 0.99747814 0.06423404
1645868725.62360692 42.60643070 24.42385633 -5.25980092 0.00758045 0.02871398 0.99676258 0.07471553
1645868726.50133109 42.08809191 24.48464093 -5.27268877 0.00719616 0.02878727 0.99638467 0.07960587
1645868727.45360899 41.54937950 24.55076590 -5.27675396 0.00688881 0.03029285 0.99674330 0.07441561
1645868728.28909707 41.04726613 24.61608816 -5.28761090 0.00667196 0.03033980 0.99726410 0.06707674
1645868729.16781402 40.50719219 24.66556045 -5.30487014 0.00688342 0.03121597 0.99781566 0.05781083
1645868730.17235708 39.97756159 24.72273114 -5.31031453 0.00699323 0.03238222 0.99830907 0.04776489
1645868731.16909194 39.44137556 24.76259194 -5.32568076 0.00711688 0.03270191 0.99874581 0.03723888
1645868732.16786003 38.89980806 24.78589678 -5.34370578 0.00739697 0.03236495 0.99894482 0.03173381
1645868733.00570297 38.38158893 24.81633812 -5.36458830 0.00752132 0.03139833 0.99887998 0.03458833
1645868733.83586907 37.81673411 24.84202402 -5.38283181 0.00770660 0.03183509 0.99856030 0.04247897
1645868734.62415910 37.31760893 24.87400172 -5.39526537 0.00739378 0.03137140 0.99809193 0.05266563
1645868735.45875096 36.78444836 24.91203913 -5.41116906 0.00736752 0.03127966 0.99764910 0.06052745
1645868736.29241800 36.26515124 24.94575916 -5.42539305 0.00735016 0.03112174 0.99756745 0.06194032
1645868737.12493706 35.76390959 24.98074236 -5.42992728 0.00672847 0.03235200 0.99799969 0.05389514
1645868737.95830202 35.24492732 25.00915766 -5.44853183 0.00711281 0.03239645 0.99830521 0.04781836
1645868738.79117608 34.71531837 25.03482525 -5.46351257 0.00702131 0.03207232 0.99824778 0.04922833
1645868739.62288404 34.20755260 25.06462482 -5.45950959 0.00604079 0.03477066 0.99794275 0.05352368
1645868740.45618892 33.68754917 25.10286791 -5.47447698 0.00604011 0.03516026 0.99772445 0.05721178
1645868741.28881192 33.18140870 25.14309392 -5.48911136 0.00606506 0.03479699 0.99780027 0.05609813
1645868742.12794399 32.64814260 25.19004919 -5.50214817 0.00608815 0.03543719 0.99802446 0.05152016
1645868742.96013498 32.13470429 25.23129171 -5.51784116 0.00619348 0.03526779 0.99833013 0.04532968
1645868743.78886390 31.60571649 25.25571648 -5.53239282 0.00629162 0.03527727 0.99855529 0.04004075
1645868744.62238097 31.06560951 25.28449805 -5.55333877 0.00657353 0.03576957 0.99876169 0.03394720
1645868745.45499396 30.54415628 25.30147123 -5.57001019 0.00662623 0.03556149 0.99895684 0.02786931
1645868746.28906989 30.00089532 25.30953253 -5.58403242 0.00682106 0.03599888 0.99906275 0.02304742
1645868747.14371109 29.47831367 25.31574021 -5.60397153 0.00687359 0.03547213 0.99913677 0.02049866
1645868747.83194590 28.97102943 25.31001540 -5.62515023 0.00711507 0.03561444 0.99921970 0.01552353
1645868748.61496210 28.47052450 25.31283875 -5.64486755 0.00709809 0.03537675 0.99929549 0.01032561
1645868749.33160901 27.94940228 25.29803492 -5.65949373 0.00635606 0.03449089 0.99931363 0.01192702
1645868750.16465807 27.39859869 25.29350056 -5.67742150 0.00641161 0.03479714 0.99925306 0.01553636
1645868750.99972510 26.89645777 25.28885305 -5.69370316 0.00643365 0.03467592 0.99921823 0.01786398
1645868751.94294405 26.39360021 25.28699510 -5.70639434 0.00676500 0.03462502 0.99919441 0.01912764
1645868753.16313601 25.88971895 25.29475744 -5.71027333 0.00664195 0.03596619 0.99924507 0.01309959
1645868756.49190497 25.38415722 25.19679927 -5.69252774 0.00503320 0.03626175 0.99859079 0.03842110
1645868757.77617311 24.87599454 25.21194198 -5.70854470 0.00549191 0.03662659 0.99888648 0.02922569
1645868759.10280299 24.35529519 25.21125765 -5.72205250 0.00626268 0.03858914 0.99923388 0.00181918
1645868760.26622891 23.83344572 25.18252434 -5.72800554 0.00651301 0.04035841 0.99901219 -0.01741919
1645868761.10239911 23.33262891 25.14816129 -5.72342169 0.00484299 0.03985252 0.99919383 0.00008233
1645868761.93692589 22.75121170 25.13967632 -5.75219820 0.00512290 0.03967196 0.99919961 -0.00016060
1645868762.65796995 22.19694329 25.12366879 -5.76978781 0.00458191 0.03881352 0.99912149 0.01512517
1645868763.48948097 21.64409181 25.12696771 -5.78855206 0.00441150 0.03865379 0.99918609 0.01065736
1645868764.32544088 21.10654671 25.12232620 -5.80925190 0.00415290 0.03841964 0.99914598 0.01462887
1645868765.15608501 20.54917106 25.12276027 -5.82436385 0.00401636 0.03870682 0.99923728 0.00324112
1645868765.92969108 20.03056708 25.09108392 -5.84453300 0.00518519 0.03982884 0.99919279 -0.00074085
1645868766.76337290 19.48729462 25.07077225 -5.86166895 0.00532982 0.03907924 0.99920724 0.00541317
1645868767.48968601 18.95059289 25.06052207 -5.87950161 0.00491857 0.03740824 0.99885655 0.02936014
1645868768.26173592 18.42232502 25.07756184 -5.89860287 0.00485105 0.03654717 0.99874755 0.03382455
1645868768.99137092 17.86255678 25.09785339 -5.91804658 0.00534995 0.03712180 0.99903244 0.02296800
1645868769.76142406 17.33595374 25.10464940 -5.92267376 0.00471288 0.03835824 0.99918810 0.01138314
1645868770.42582512 16.80144910 25.10107248 -5.94324738 0.00477981 0.03805200 0.99925380 0.00458801
1645868771.08823299 16.25354081 25.08433568 -5.96988208 0.00505139 0.03798851 0.99926510 0.00078717
1645868771.75514007 15.74393112 25.06188631 -5.98204992 0.00492294 0.03811357 0.99925919 0.00204658
1645868772.41985202 15.24286744 25.05131685 -5.99595908 0.00521174 0.03810087 0.99924059 0.00627754
1645868773.08401299 14.73600600 25.04073557 -6.01017614 0.00503402 0.03767410 0.99919293 0.01299280
1645868773.82057500 14.21024528 25.04225993 -6.02531238 0.00486467 0.03740403 0.99912696 0.01796073
1645868774.75442195 13.66705021 25.04535997 -6.03471009 0.00504301 0.03698211 0.99921863 0.01300061
1645868775.65529203 13.13812570 25.04605117 -6.06867178 0.00589046 0.03604382 0.99907382 0.02275179
1645868776.58264899 12.61455560 25.05178163 -6.07827213 0.00563515 0.03593770 0.99877373 0.03358216
1645868777.41803789 12.10005214 25.06838134 -6.09140545 0.00564204 0.03655254 0.99867308 0.03583505
1645868778.15409303 11.59222098 25.09506677 -6.10928511 0.00568729 0.03694602 0.99884151 0.03030310
1645868778.91631103 11.07418637 25.10455264 -6.12554380 0.00586036 0.03730523 0.99902744 0.02276276
1645868779.65479708 10.54228652 25.11783072 -6.13275334 0.00527313 0.03818095 0.99918404 0.01206908
1645868780.48735809 10.00797782 25.12265409 -6.15627293 0.00572588 0.03813516 0.99923949 0.00577638
1645868781.24645209 9.49734106 25.11995772 -6.16579625 0.00532496 0.03784527 0.99926926 0.00056449
1645868781.98730493 8.97567291 25.10645557 -6.18290630 0.00574316 0.03825671 0.99921760 -0.00822375
1645868782.74778295 8.45756361 25.08431316 -6.19726748 0.00587809 0.03848428 0.99893632 -0.02471100
1645868783.57795405 7.91231662 25.05748899 -6.21952993 0.00654014 0.03914413 0.99768684 -0.05518993
1645868784.40901494 7.40753331 24.98783878 -6.23471116 0.00713641 0.04012050 0.99543592 -0.08629456
1645868785.31939006 6.89754505 24.90378949 -6.24215317 0.00730397 0.04172927 0.99175849 -0.12091494
1645868786.31866789 6.37939134 24.76048572 -6.27481531 0.00965103 0.04455997 0.98716203 -0.15307644
1645868787.31902790 5.87125840 24.60490339 -6.28139469 0.01014517 0.04605872 0.98186443 -0.18362440
1645868788.41525507 5.40354757 24.41159363 -6.28659638 0.01109935 0.04540375 0.97713661 -0.20741105
1645868789.58486891 4.92957618 24.18091795 -6.28340103 0.01118311 0.04631377 0.97150486 -0.23218158
1645868790.48492694 4.47933206 23.95008315 -6.27863498 0.01139058 0.04692824 0.96546844 -0.25600526
1645868791.41725492 4.03430130 23.70163085 -6.28299866 0.01219781 0.04870172 0.95737177 -0.28446202
1645868792.48487997 3.60246279 23.41223766 -6.27198006 0.01310762 0.04956501 0.94609098 -0.31981770
1645868793.65146399 3.19977639 23.10807509 -6.28102572 0.01448453 0.05188395 0.93282736 -0.35627430
1645868794.75670505 2.81658836 22.75955611 -6.27692441 0.01583032 0.05269857 0.91254717 -0.40525291
1645868795.81876302 2.45451531 22.35474637 -6.27250136 0.01709877 0.05455287 0.88604175 -0.46006699
1645868796.82034802 2.17653634 21.93621722 -6.25987751 0.01779274 0.05552194 0.87264070 -0.48487003
1645868797.94758797 1.88651368 21.48998749 -6.23299914 0.01782983 0.05551798 0.87386535 -0.48265846
1645868798.93953705 1.60855825 21.04452777 -6.21177459 0.01804665 0.05567035 0.87027165 -0.48908322
1645868799.93127608 1.32897465 20.59219592 -6.20107045 0.01752744 0.05650769 0.87083595 -0.48800042
1645868800.98523092 1.04253392 20.16037712 -6.19450228 0.01736535 0.05768561 0.86675530 -0.49508189
1645868802.31934690 0.75365920 19.72810540 -6.17590003 -0.01923941 -0.05707653 -0.86230985 0.50278608
1645868803.32002211 0.49840114 19.28350997 -6.14382820 -0.01898927 -0.05700759 -0.85653604 0.51257737
1645868804.26575089 0.25672946 18.82964223 -6.12112498 -0.01927719 -0.05715959 -0.85235045 0.51948040
1645868805.15270901 0.00318022 18.36413348 -6.07600983 -0.01846932 -0.05826825 -0.84586887 0.52987692
1645868805.98683500 -0.21938751 17.90452572 -6.04944884 -0.01885991 -0.05799193 -0.84071655 0.53803060
1645868806.81962705 -0.43977681 17.43743644 -6.02111113 -0.01905881 -0.05753533 -0.83451765 0.54763741
1645868807.76503205 -0.65695332 16.95130043 -5.99209163 -0.01811002 -0.05755889 -0.82494572 0.56198181
1645868808.60406399 -0.85218951 16.47770946 -5.98106464 -0.01899359 -0.05697053 -0.81414190 0.57755222
1645868809.43417192 -1.03390314 15.98070378 -5.94405637 -0.01911508 -0.05665798 -0.79586922 0.60250865
1645868810.27279711 -1.17277018 15.47518867 -5.91486693 -0.01931026 -0.05661149 -0.77397496 0.63038481
1645868811.11221409 -1.27277519 14.96993610 -5.87601423 -0.01937163 -0.05671240 -0.75249568 0.65586484
1645868811.98749995 -1.33947210 14.44707869 -5.84154438 -0.02016152 -0.05658735 -0.72901085 0.68186110
1645868812.93606305 -1.37134502 13.93440500 -5.79399685 -0.01972435 -0.05660444 -0.70745311 0.70421374
1645868813.82211399 -1.36852363 13.38779250 -5.75904979 -0.02024567 -0.05649834 -0.69829343 0.71329120
1645868814.65157390 -1.35818901 12.84127485 -5.72291287 -0.02068739 -0.05602050 -0.70384036 0.70784355
1645868815.48666692 -1.36274994 12.34202026 -5.69232630 -0.02115333 -0.05582690 -0.70289812 0.70878074
1645868816.43109393 -1.35090115 11.81224153 -5.65345729 -0.02180699 -0.05532511 -0.70114858 0.71053097
1645868817.31924605 -1.34866094 11.27867208 -5.62025318 -0.02214711 -0.05527828 -0.69985383 0.71179943
1645868818.15380001 -1.33579905 10.76929093 -5.58926909 -0.02228010 -0.05567146 -0.69501268 0.71649261
1645868819.15128899 -1.33792862 10.23528449 -5.54210056 -0.02070794 -0.05718958 -0.68982059 0.72142088
1645868820.10615802 -1.31435544 9.70640461 -5.51653915 -0.02265481 -0.05587948 -0.69253851 0.71885650
1645868820.93092489 -1.29086859 9.19288671 -5.48559447 -0.02307662 -0.05584968 -0.69899047 0.71257322
1645868821.77271605 -1.26881838 8.65106950 -5.45727243 -0.02235956 -0.05624054 -0.69904915 0.71250778
1645868822.65178609 -1.26575138 8.11198740 -5.43808376 -0.02194448 -0.05630828 -0.69886197 0.71269893
1645868823.65055990 -1.26258168 7.60071179 -5.42955312 -0.02192369 -0.05599684 -0.69758014 0.71397875
1645868824.98548794 -1.27314721 7.08659689 -5.40694957 -0.02159108 -0.05561496 -0.69244908 0.71899588
1645868826.31641793 -1.25634850 6.57199110 -5.37607378 -0.02213849 -0.05502588 -0.68763924 0.72362581
1645868827.48203397 -1.25465801 6.05777044 -5.33684536 -0.02241936 -0.05519486 -0.66165542 0.74743763
1645868828.59372902 -1.19931501 5.54775414 -5.30323734 -0.02359629 -0.05315665 -0.61097016 0.78951444
1645868829.81391597 -1.09308288 5.04212389 -5.25913833 -0.02315187 -0.05221809 -0.53873103 0.84053919
1645868831.48447394 -0.92408884 4.56752821 -5.21742048 -0.02111683 -0.05402364 -0.44911248 0.89159044
1645868832.81514907 -0.63358058 4.15055773 -5.17745553 -0.02046586 -0.05342903 -0.37426388 0.92555553
1645868834.25617003 -0.26978279 3.77783333 -5.14878696 -0.02069181 -0.05206757 -0.29892629 0.95262999
1645868835.65111303 0.16010215 3.48456066 -5.11492404 -0.01971400 -0.05080643 -0.22367590 0.97313882
1645868836.98618793 0.63867244 3.26391565 -5.07595468 -0.02014467 -0.04852366 -0.15476349 0.98655355
1645868838.25915599 1.11815618 3.10270969 -5.03741036 -0.02088102 -0.04563855 -0.09132192 0.99455589
1645868839.65991998 1.62463194 3.00390082 -4.99595439 -0.02116843 -0.04312112 -0.02791711 0.99845536
1645868840.92160296 2.15706880 2.97819658 -4.96251668 -0.02038586 -0.04130685 0.01208883 0.99886537
1645868848.66076589 2.64935846 3.05739895 -4.91806771 -0.01561243 -0.04169149 -0.00506894 0.99899568
1645868849.82475400 3.15967728 3.06384398 -4.89036578 -0.01562553 -0.04152234 -0.00151799 0.99901423
1645868850.82848597 3.67514453 3.07363862 -4.86897943 -0.01595472 -0.04164623 0.00299669 0.99900053
1645868851.82387209 4.20709565 3.09369303 -4.84945519 -0.01550935 -0.04193568 -0.00563378 0.99898404
1645868852.82463908 4.74025875 3.10393949 -4.82225270 -0.01565266 -0.04193797 -0.00081315 0.99899727
1645868853.82319999 5.28224019 3.12360526 -4.80892044 -0.01597842 -0.04245055 -0.01647677 0.99883490
1645868854.82140398 5.81652429 3.11634942 -4.77289774 -0.01484587 -0.04231495 -0.02576210 0.99866178
1645868855.75265193 6.37661176 3.10286181 -4.74533051 -0.01476818 -0.04150921 -0.01604440 0.99890013
1645868856.58339906 6.88809674 3.09710566 -4.72639807 -0.01450300 -0.04068260 0.00845715 0.99903106
1645868857.41321898 7.43862699 3.12084695 -4.70517526 -0.01422101 -0.03985196 0.03127356 0.99861482
1645868858.24591398 7.94991255 3.17307087 -4.68497554 -0.01404090 -0.03914672 0.04908810 0.99792823
1645868859.15497804 8.44600504 3.23782191 -4.66492551 -0.01339680 -0.03875174 0.06207416 0.99722897
1645868860.32290411 8.96575962 3.32509753 -4.63575275 -0.01373949 -0.03782972 0.07214524 0.99658176
1645868861.58181190 9.48772739 3.42798502 -4.62126191 -0.01350760 -0.03748591 0.07582267 0.99632488
1645868863.08408093 9.98083265 3.52620129 -4.60525493 -0.01388323 -0.03748188 0.07515508 0.99637045
