# timestamp tx ty tz qx qy qz qw
1645868413.63075089 0.00000000 0.00000000 0.00000000 0.00000000 0.00000000 0.00000000 1.00000000
1645868421.29097199 0.50942732 -0.03514878 -0.03033268 0.00207036 -0.00082365 0.03263128 0.99946497
1645868422.85917091 1.02158932 -0.00093103 -0.04048174 0.00332775 -0.00064665 0.06399266 0.99794461
1645868424.45601296 1.53215241 0.06990965 -0.05083897 0.00538487 -0.00018219 0.09331322 0.99562222
1645868435.61430812 4.79644912 1.01684630 -0.19566066 0.00638857 -0.00017699 0.15641721 0.98767040
1645868437.11622310 5.29152010 1.19693477 -0.21097492 0.00631295 0.00033036 0.16582719 0.98613457
1645868438.69272590 5.79304726 1.38210245 -0.23110518 0.00624477 -0.00015093 0.16760570 0.98583432
1645868440.28555202 6.28077371 1.57373909 -0.24959902 0.00794650 -0.00035260 0.17103109 0.98523352
1645868442.11908793 6.78537460 1.77998536 -0.27304157 0.00893142 -0.00126548 0.18228029 0.98320523
1645868443.35939908 7.25531943 1.97806613 -0.28224159 0.01003138 -0.00102649 0.18474448 0.98273485
1645868444.95293188 7.77535617 2.19356996 -0.30145091 0.00958531 -0.00099273 0.17930736 0.98374591
1645868450.29309106 9.85866785 2.91039153 -0.38890296 0.01053821 -0.00098960 0.17206780 0.98502824
1645868451.45925593 10.32807690 3.09736491 -0.39483614 0.01025871 -0.00172968 0.19156861 0.98142408
1645868452.79976201 10.80669233 3.30718340 -0.43685958 0.00897194 -0.00097517 0.21299540 0.97701152
1645868454.52601290 11.34856767 3.54785118 -0.45791376 0.00857294 0.00048031 0.23232036 0.97260142
1645868455.97230005 11.79953619 3.77426669 -0.47299570 0.00875683 0.00106893 0.25351306 0.96729174
1645868457.47211695 12.30390027 4.05510509 -0.49971221 0.00841425 0.00065546 0.27184922 0.96230285
1645868460.03075409 13.09824510 4.64826965 -0.54144614 0.00659813 0.00037155 0.25088957 0.96799316
1645868469.52363205 16.43866369 5.94239535 -0.71745001 0.00110965 0.00051371 0.11834067 0.99297230
1645868471.02625394 16.93899516 6.11708224 -0.72477865 0.00086933 -0.00050119 0.10995596 0.99393595
1645868472.29276299 17.47275391 6.32185463 -0.74062345 0.00030277 -0.00293928 0.07122967 0.99745556
1645868473.28741598 17.96401873 6.42319891 -0.76585367 0.00065351 -0.00272297 0.02423679 0.99970232
1645868474.61432910 18.52305081 6.53178766 -0.78650735 0.00014231 -0.00240132 -0.00427936 0.99998795
1645868477.28099895 19.56997017 6.66330577 -0.81803185 -0.00675256 -0.00258724 -0.00970378 0.99992677
1645868479.11993599 20.37880790 6.71152817 -0.85245769 -0.00674633 -0.00497494 -0.04230170 0.99906972
1645868480.11767006 20.94006783 6.69044189 -0.88838096 -0.00534158 -0.00311290 -0.01480630 0.99987127
1645868481.11781406 21.51042937 6.76004802 -0.96716377 -0.00681601 -0.00034505 -0.02721759 0.99960624
1645868481.95790291 22.02564404 6.75118304 -1.00018295 -0.00809639 -0.00116543 -0.05265785 0.99857911
1645868482.78277302 22.61058081 6.71869112 -1.01405716 -0.00862262 -0.00047320 -0.05297935 0.99855827
1645868484.02065396 23.51782508 6.63692487 -1.07331030 -0.00480670 -0.00231542 -0.03194887 0.99947526
1645868484.78084993 24.02451941 6.62516955 -1.09030913 -0.00461856 -0.00236174 -0.03030701 0.99952718
1645868502.35305691 34.06056827 6.32751871 -1.25513169 -0.00448191 -0.00274529 -0.00217395 0.99998382
1645868503.18659401 34.61038498 6.34986840 -1.33298520 -0.00515340 -0.00334250 -0.00670379 0.99995866
1645868503.95136404 35.09598739 6.38446548 -1.00618831 -0.00497366 -0.00067746 -0.01989420 0.99978949
1645868504.78564501 35.54980297 6.33913267 -1.22756384 -0.00557784 -0.00267908 -0.02578911 0.99964825
1645868505.85438490 36.11498296 6.39104918 -1.25720286 -0.00411905 -0.00222009 -0.01969931 0.99979500
1645868508.78477192 39.55774423 6.29387504 -1.35954201 -0.00479685 -0.00302260 -0.02982478 0.99953906
1645868509.51891708 40.09399319 6.29477859 -1.38208645 -0.00448658 -0.00270046 -0.03069102 0.99951520
1645868510.27963209 40.63909711 6.27506314 -1.40007030 -0.00390340 -0.00255377 -0.02470928 0.99968380
1645868511.94940495 41.89729852 6.20494984 -1.46834436 -0.00102092 -0.00331953 -0.04555353 0.99895586
1645868513.12108707 42.73442480 6.14124233 -1.49997604 0.00009132 -0.00391434 -0.05178155 0.99865076
1645868513.85324788 43.30627049 6.10580024 -1.52170230 0.00031048 -0.00346612 -0.03600683 0.99934548
1645868514.68464708 43.94759228 6.08715953 -1.55666076 0.00083336 -0.00319428 -0.05133118 0.99867623
1645868515.45170093 44.56553585 6.04969755 -1.57687612 0.00041146 -0.00372947 -0.07049645 0.99750497
1645868516.18703008 45.19952603 5.97378618 -1.59666324 0.00004995 -0.00379479 -0.09261059 0.99569517
1645868516.85251188 45.74153273 5.88429471 -1.61783414 0.00271117 -0.00415306 -0.10824570 0.99411180
1645868542.60146689 67.28232194 2.93474788 -2.12996315 0.02292765 -0.00857939 0.02150109 0.99946907
1645868543.34472895 67.83163128 2.98553309 -2.15257456 0.02261595 -0.00836142 0.01351062 0.99961796
1645868544.09897590 68.38985769 3.00974289 -2.15957593 0.02295311 -0.00840271 0.02123661 0.99947564
1645868544.76500702 68.89640765 3.04264957 -2.16654501 0.02254130 -0.00905863 0.01128597 0.99964116
1645868547.51068592 70.77372618 3.12898391 -2.18202467 0.02377273 -0.00813568 0.02746195 0.99930701
1645868548.26120591 71.29196510 3.14483556 -2.19618658 0.02338162 -0.00840166 0.02978617 0.99924747
1645868550.67728090 73.12894134 3.25370057 -2.23203901 0.02537673 -0.00692058 0.03740955 0.99895378
1645868551.43369699 73.67030188 3.30592978 -2.24071231 0.02729281 -0.00591005 0.03591744 0.99896452
1645868552.09982800 74.18681512 3.36129730 -2.25447272 0.02462870 -0.00611768 0.02065819 0.99946448
1645868552.84529209 74.69505785 3.38906259 -2.25144452 0.02936013 -0.00420804 0.00945659 0.99951531
1645868553.59668207 75.22627846 3.40118533 -2.26511020 0.02928938 -0.00400284 0.00905939 0.99952190
1645868554.34289289 75.74128772 3.41169984 -2.28258970 0.02998803 -0.00431285 0.02450302 0.99924057
1645868555.09999990 76.29172836 3.44559805 -2.29627425 0.03090127 -0.00440983 0.03559040 0.99887887
1645868555.84497905 76.84478012 3.48673184 -2.30977157 0.03176868 -0.00453872 0.04359769 0.99853362
1645868556.59955406 77.37590768 3.54610196 -2.31536330 0.03286047 -0.00417850 0.03892637 0.99869288
1645868557.26503301 77.87766169 3.59004512 -2.33177755 0.03397245 -0.00380001 0.03217012 0.99889765
1645868559.43470907 79.21183343 3.72778234 -2.43371927 0.02501303 -0.01054956 0.03291196 0.99908951
1645868561.43486905 80.09032796 3.79256068 -2.58552025 0.01926553 -0.01852161 -0.00958643 0.99959686
1645868563.00972605 80.56846633 3.74199831 -2.75419282 0.02899222 -0.01686527 -0.00094938 0.99943690
1645868564.43654490 81.08784782 3.76056219 -2.78179964 0.02676278 -0.01238582 0.03009669 0.99911187
1645868566.77152109 81.59448826 3.79652573 -2.75897941 0.02967847 -0.01338082 0.01794776 0.99930877
1645868568.51104403 82.09817645 3.81649875 -2.77164795 0.02756522 -0.01811460 0.01776751 0.99929792
1645868573.93590999 86.67759517 4.32940631 -2.72134027 0.02875438 -0.02288860 0.04483631 0.99831809
1645868574.84417200 87.18102539 4.39895186 -2.73189401 0.02719804 -0.02463187 0.04583399 0.99827490
1645868575.84765792 87.72026085 4.45094934 -2.72746409 0.02742325 -0.02499469 0.06326861 0.99730653
1645868577.34725595 88.43624029 4.52971764 -2.73009087 0.02723766 -0.02687417 0.07159096 0.99669987
1645868578.51331592 88.96400507 4.61471679 -2.72475290 0.02748608 -0.02731457 0.09663700 0.99456509
1645868604.29890490 93.30419453 11.11682031 -2.53239636 0.02284237 -0.03147938 0.68705160 0.72556693
1645868605.62425494 93.31854009 11.70412272 -2.50862709 0.02193147 -0.03034707 0.72884296 0.68365635
1645868636.16675806 93.32247332 23.76647887 -1.88054064 0.02538118 -0.00447412 0.91935960 0.39257317
1645868637.99836206 92.92611069 24.15251933 -1.90272413 0.02354672 -0.00407581 0.95495054 0.29580130
1645868639.66686797 92.50844032 24.43830385 -1.90563647 0.02081831 -0.00266956 0.98078608 0.19395394
1645868641.66984510 91.87203983 24.68280368 -1.91157186 0.01998804 0.00093007 0.99715904 0.07261858
1645868642.77177596 91.34559754 24.73630930 -1.90159697 0.01994230 0.00009057 0.99586814 0.08859422
1645868646.26355791 87.38525952 25.21411773 -1.88247494 0.00875999 0.00679130 0.99765830 0.06749112
1645868647.26237392 86.71930032 25.29249388 -1.90429357 0.00833616 0.00644559 0.99788723 0.06410956
1645868648.09792709 86.15821355 25.34200455 -1.92105251 0.00857738 0.00689224 0.99767839 0.06720682
1645868657.09489894 79.56880624 26.20691484 -2.08525930 0.00810689 0.00579244 0.99519308 0.09742417
1645868657.83908892 79.00288280 26.31246321 -2.09944910 0.00843168 0.00523379 0.99368284 0.11178514
1645868658.59537911 78.45228193 26.41257239 -2.11148191 0.00842698 0.00487880 0.99298162 0.11786727
1645868662.50511098 75.82237498 26.85232580 -2.19271964 0.00821004 0.00600803 0.99394355 0.10941993
1645868663.26467109 75.31451084 26.93884268 -2.20983295 0.00860505 0.00580453 0.99354584 0.11295544
1645868664.09692192 74.75770306 27.04792511 -2.22168256 0.00858555 0.00597481 0.99397463 0.10911014
1645868664.93235493 74.24889909 27.14372249 -2.23394756 0.00865556 0.00621364 0.99482274 0.10106525
1645868665.76912093 73.72533292 27.23418144 -2.24627222 0.00888066 0.00698300 0.99469316 0.10226385
1645868666.59933710 73.21129351 27.33641931 -2.25653495 0.00877523 0.00811100 0.99634283 0.08460597
1645868668.67074299 70.90769774 27.56218186 -2.34313389 0.00655917 0.01160061 0.99868293 0.04954608
1645868669.77242994 70.33708112 27.60712753 -2.35701012 0.00637948 0.01132904 0.99916037 0.03885254
1645868670.77418494 69.80350386 27.63791721 -2.36775874 0.00652451 0.01203392 0.99964492 0.02286144
1645868680.67361903 63.79817565 26.82852562 -2.45472438 0.01495608 0.00974811 0.99803407 0.06007733
1645868682.44948697 63.22656948 26.87208232 -2.46480857 0.01459065 0.01113461 0.99895871 0.04176872
1645868683.78280091 62.70214418 26.85933022 -2.47176129 0.01429107 0.01038992 0.99874180 0.04693212
1645868685.11510611 62.11993016 26.89159754 -2.47036893 0.01414274 0.01059860 0.99824329 0.05655067
1645868686.34376907 61.59429232 26.93757794 -2.48222638 0.01400272 0.01070338 0.99835309 0.05459364
1645868691.28500605 57.83951858 27.20877880 -2.53930062 0.00716666 0.00976046 0.99867442 0.05002769
1645868692.61686301 57.26928469 27.25399792 -2.55830205 0.00723117 0.00869135 0.99822105 0.05853985
1645868693.94999599 56.60032353 27.29456871 -2.56752161 0.00681726 0.00798059 0.99863195 0.05122558
1645868695.11722589 56.03614481 27.31003672 -2.57368345 0.00651780 0.00729537 0.99823943 0.05850078
1645868710.50824809 51.19675400 27.65932839 -2.70050036 0.00538866 -0.00059114 0.99829873 0.05805394
1645868712.17289591 50.69542736 27.70036693 -2.71337687 0.00503513 -0.00131198 0.99896971 0.04508270
1645868746.00527310 29.90980344 30.70131542 -3.37745776 0.00620296 -0.00049630 0.99843804 0.05552253
1645868748.11581612 27.19193613 30.70488242 -3.44199094 0.00624902 -0.00153440 0.99943497 0.03298997
1645868749.50415707 26.23670373 30.70801852 -3.47003050 0.00444476 -0.00302670 0.99949805 0.03122067
1645868750.61284995 25.58309647 30.70234679 -3.49866314 0.00462730 -0.00294459 0.99932733 0.03626019
1645868751.66353607 25.01738383 30.70746318 -3.52989837 0.00556258 -0.00469628 0.99911859 0.04134065
1645868752.66426492 24.51158184 30.73303775 -3.54126360 0.00550661 -0.00306953 0.99963458 0.02628619
1645868761.93692589 19.95080063 30.54803649 -3.63060375 0.00531577 0.00395449 0.99996974 -0.00407767
1645868762.60031199 19.44772514 30.52971020 -3.65043971 0.00552363 0.00334633 0.99992596 0.01031338
1645868763.42860889 18.91909724 30.52337697 -3.66820396 0.00518639 0.00310731 0.99995635 0.00712302
1645868764.25981688 18.40525093 30.51614933 -3.68954001 0.00522986 0.00308316 0.99989969 0.01279629
1645868772.09172392 9.72714615 30.34300097 -3.84028895 -0.00231547 0.00770168 0.99996089 0.00368026
1645868777.75269198 4.90460553 30.49432630 -4.11444115 0.00613431 0.00239433 0.99834763 0.05708453
1645868778.48727107 4.40595609 30.54185326 -4.12865725 0.00582126 0.00305240 0.99874147 0.04972203
1645868779.25011396 3.88920998 30.58121221 -4.14454063 0.00565800 0.00361273 0.99913685 0.04099386
1645868779.98778892 3.36775900 30.61080246 -4.15674770 0.00497911 0.00448416 0.99944812 0.03253558
1645868785.15366292 -2.58611403 29.80969896 -4.35773206 -0.00053230 0.01058273 0.98145186 -0.19141570
1645868786.07952595 -3.07742468 29.61620483 -4.37426738 -0.00061980 0.01229545 0.97490027 -0.22230137
1645868787.08232093 -3.55114708 29.39707018 -4.41706758 -0.00001381 0.01536330 0.96715363 -0.25372785
1645868788.15405989 -4.00675250 29.13213693 -4.43798140 0.00006030 0.01515079 0.96016102 -0.27903631
1645868789.32087302 -4.43841139 28.83990873 -4.45184301 -0.00049501 0.01582614 0.95309152 -0.30226784
1645868792.08624005 -7.30753562 30.27891721 -4.58009335 -0.00048872 0.02865183 0.89706008 -0.44097851
1645868793.25203204 -7.61163445 29.87406298 -4.59478562 -0.00041874 0.03120878 0.87867997 -0.47638992
1645868806.93061399 -9.62752358 23.39070285 -4.57118074 0.00100990 -0.04111645 -0.74584616 0.66484730
1645868807.93225694 -9.69727330 22.82075047 -4.56070027 0.00082539 -0.03983753 -0.73335752 0.67867447
1645868808.76854300 -9.74637000 22.29420060 -4.54933966 0.00078490 -0.03906786 -0.71916572 0.69373897
1645868818.81968689 -7.64139550 14.40156947 -4.30712272 -0.00341618 -0.04056628 -0.54832429 0.83527431
1645868821.77271605 -6.97443854 12.84038845 -4.24254494 -0.00260686 -0.04063799 -0.55533769 0.83062736
1645868822.76721191 -6.77370200 12.30915234 -4.25950455 -0.00194465 -0.04070226 -0.55534740 0.83061953
1645868823.76608706 -6.61267913 11.83379092 -4.28141299 -0.00173046 -0.04014445 -0.55289691 0.83228026
1645868825.14988494 -6.42005545 11.34724646 -4.28165098 -0.00171490 -0.03965053 -0.54767922 0.83574659
1645868826.59558201 -6.20172135 10.83295595 -4.26317430 -0.00149877 -0.03947202 -0.54062731 0.84033435
1645868854.98951292 6.57551613 5.99439065 -3.01081412 0.04296913 -0.07979686 -0.40196711 0.91115781
1645868855.82535100 6.91675717 5.62701718 -2.97056985 0.04319261 -0.07985367 -0.39215987 0.91540615
1645868860.15787005 8.60449386 4.07808393 -2.78176358 0.03922386 -0.08267812 -0.31319300 0.94527031
1645868862.74648690 9.48173652 3.55133000 -2.65887488 0.04124423 -0.08308489 -0.30701243 0.94717431
