# timestamp tx ty tz qx qy qz qw
1645868415.29622889 0.00299449 -0.01095789 -0.02715650 -0.00089969 -0.00061998 0.00019888 0.99999938
1645868433.52505302 4.12760509 0.74220247 -0.16079387 0.00560283 0.00005814 0.15219635 0.98833440
1645868447.45669007 8.63727133 2.49146017 -0.33489533 0.00730447 0.00052865 0.17301364 0.98489220
1645868452.12926602 10.55678202 3.21714235 -0.41705811 0.01024498 -0.00103027 0.20391101 0.97893528
1645868504.85765600 37.98446226 3.97428883 -2.02210224 0.00373969 0.01684944 -0.10556546 0.99426256
1645868508.78477192 40.24181147 3.57132674 -2.18861425 0.00521886 0.01701934 -0.10393771 0.99442449
1645868513.28459191 43.42572177 2.94364992 -2.46937025 0.00848057 0.01638856 -0.12048615 0.99254349
1645868536.43539500 60.37066297 -2.19717612 -3.93790711 0.02279517 0.01397633 -0.08368120 0.99613378
1645868540.01207495 62.64401313 -2.58477849 -4.09809636 0.02477257 0.01343569 -0.01803142 0.99944018
1645868548.01098609 70.47891260 -3.58448850 -4.75071785 0.00089393 0.01147197 -0.06196463 0.99801201
1645868550.67728090 72.48600033 -3.81942318 -4.87433672 0.00522770 0.01194962 -0.05308237 0.99850495
1645868553.43039703 74.51131709 -4.02722273 -4.99874247 0.00140188 0.01256920 -0.08403148 0.99638284
1645868558.84567499 78.27040212 -4.44099777 -5.24816296 0.00515951 0.01114384 -0.05638741 0.99833344
1645868568.51104403 81.43949611 -4.88500419 -5.63325397 -0.00127486 0.00384657 -0.07311087 0.99731559
1645868574.77021098 85.46644290 -5.22283605 -5.67784492 -0.00988350 0.00439620 -0.06583663 0.99777178
1645868578.94370198 87.47487235 -5.46604584 -5.77078542 -0.00739333 0.00496782 -0.00423123 0.99995138
1645868584.27869391 89.60764805 -5.32525743 -5.87105954 -0.00344092 0.01104740 0.14726165 0.98902989
1645868588.93524504 91.66547692 -5.41241584 -5.96636887 -0.00127943 0.02026902 0.32794415 0.94447878
1645868653.43201900 88.24659657 15.29305150 -6.59568285 0.04525461 0.03494219 0.97738506 0.20359153
1645868667.93534303 78.97922068 19.07024293 -6.25491534 0.04553406 0.03570043 0.98206770 0.17943011
1645868683.13581491 71.77003633 20.84380802 -5.90311806 0.04712290 0.03653488 0.98173089 0.18069061
1645868687.51311588 69.88009497 21.51457424 -5.80186120 0.04622867 0.03816681 0.98131015 0.18285678
1645868693.78630900 65.26223757 23.35417009 -5.63599815 0.04281449 0.03636230 0.97859464 0.19798293
1645868698.50771308 63.12783004 24.18914189 -5.56129813 0.04099849 0.03443373 0.97682510 0.20723455
1645868750.33075690 42.10962509 33.23116342 -4.87705207 0.03736907 0.04074831 0.97573349 0.21186617
1645868764.76682997 34.22425413 36.49553241 -4.69400808 0.03061362 0.04575808 0.97066130 0.23406332
1645868777.08602405 24.97044064 38.50369332 -4.63349347 0.02051142 0.03256186 0.93015600 0.36514219
1645868786.15509295 19.25396821 42.50654857 -4.77583769 0.02505702 0.03962515 0.98324229 0.17617205
1645868853.25206399 4.26792568 25.73755452 -3.44221249 -0.02458227 -0.01944370 -0.31927636 0.94714321
1645868861.65768909 7.70590035 23.22381853 -3.36884763 -0.01629822 -0.01828535 -0.24532833 0.96913055
