# timestamp tx ty tz qx qy qz qw
1645868413.63075089 0.00000000 0.00000000 -0.00000000 -0.00000000 0.00000000 0.00000000 1.00000000
1645868421.29097199 0.50942732 -0.03514878 -0.03033268 0.00207036 -0.00082365 0.03263128 0.99946497
1645868422.85917091 1.02158932 -0.00093103 -0.04048174 0.00332775 -0.00064665 0.06399266 0.99794461
1645868424.45601296 1.53267945 0.07075868 -0.05035091 0.00542090 -0.00017975 0.09334627 0.99561893
1645868431.78171301 3.60363253 0.61566925 -0.15015319 0.00501388 -0.00009928 0.14541208 0.98935847
1645868433.11561894 4.09466918 0.78501818 -0.16934439 0.00506739 0.00015596 0.15051313 0.98859501
1645868435.11979198 4.65346729 0.97953888 -0.18953646 0.00491906 -0.00010987 0.15563947 0.98780167
1645868436.61625290 5.15107455 1.16127039 -0.20845275 0.00499917 0.00027942 0.16521515 0.98624484
1645868438.28365898 5.69997951 1.36920290 -0.22909683 0.00436773 -0.00008999 0.16705036 0.98593869
1645868440.28555202 6.30368498 1.59644298 -0.25009926 0.00519698 0.00016784 0.17122016 0.98521907
1645868442.03075194 6.83959047 1.80309209 -0.28205081 0.00637013 -0.00096891 0.18324502 0.98304616
1645868443.62264204 7.35112923 2.02358017 -0.29359040 0.00721282 -0.00079388 0.18507956 0.98269675
1645868451.52509999 10.42649618 3.16734140 -0.40298794 0.00942530 -0.00069738 0.19307010 0.98113945
1645868478.61282110 21.27442503 6.62915195 -0.94209258 -0.01045058 -0.00536695 -0.08114786 0.99663283
1645868479.61578894 21.79973221 6.56641299 -0.97181046 -0.00894385 -0.00518381 -0.08383732 0.99642583
1645868491.18972611 28.91670324 5.76294206 -1.32026350 0.00056581 -0.00757211 -0.07606622 0.99707386
1645868492.12462711 29.45219203 5.66588689 -1.33572950 0.00007944 -0.00763934 -0.08793502 0.99609692
1645868493.02164888 29.96051622 5.57816956 -1.34417415 -0.00021933 -0.00764831 -0.09164633 0.99576222
1645868493.95424390 30.47722244 5.49706552 -1.35581557 0.00090915 -0.00746391 -0.07816893 0.99691177
1645868494.95775390 31.00507678 5.42591894 -1.37047853 0.00081633 -0.00697861 -0.07394551 0.99723753
1645868504.45168400 36.43882991 4.88352165 -1.36916302 -0.00339778 -0.00565277 -0.07553569 0.99712129
1645868505.45245194 36.95740815 4.80764935 -1.35722967 -0.00296000 -0.00498171 -0.07094195 0.99746361
1645868506.45161891 37.46731058 4.80941713 -1.35878431 -0.00031077 -0.00508099 -0.06401733 0.99793580
1645868507.51861691 38.14405929 4.72358173 -1.39607124 -0.00290226 -0.00511010 -0.08546468 0.99632387
1645868508.35425806 38.67789338 4.67504764 -1.40337478 -0.00212764 -0.00523566 -0.07677207 0.99703265
1645868509.28264689 39.23094989 4.63719399 -1.43258663 -0.00100284 -0.00521457 -0.07579754 0.99710909
1645868510.11354899 39.85579628 4.54420410 -1.45027052 -0.00087276 -0.00454856 -0.07063454 0.99749151
1645868515.95414090 44.19923702 3.90843310 -1.61295840 -0.00026961 -0.00622074 -0.13060607 0.99141479
1645868516.61843991 44.75294760 3.77796457 -1.63510704 0.00101823 -0.00643629 -0.14855745 0.98888231
1645868517.28824592 45.28246494 3.62730984 -1.65565903 0.00121885 -0.00602975 -0.16583536 0.98613427
1645868517.95720005 45.80757003 3.45311365 -1.67854637 0.00180649 -0.00556708 -0.18404138 0.98290107
1645868518.78871202 46.41803662 3.23349220 -1.69477324 0.00269653 -0.00596474 -0.18869201 0.98201450
1645868519.62180400 47.02154724 3.01062269 -1.72008748 0.00254797 -0.00613682 -0.19111138 0.98154587
1645868520.62118196 47.63268924 2.77162031 -1.78449806 0.00385443 -0.00717215 -0.18815565 0.98210547
1645868522.68420601 49.79571827 1.86073203 -1.82097773 0.05285537 -0.02498224 -0.16421741 0.98469023
1645868523.61337590 50.33921720 1.67816926 -1.83439042 0.05349435 -0.02738012 -0.11935991 0.99103072
1645868524.60852194 50.92948420 1.53006984 -1.82383718 0.05382501 -0.02795798 -0.10306491 0.99282367
1645868525.34672999 51.47364335 1.41463187 -1.82328014 0.05413316 -0.02814215 -0.10290554 0.99281825
1645868526.18204594 52.15391659 1.28091983 -1.81710505 0.05436377 -0.02800833 -0.11528177 0.99144855
1645868527.10951209 52.84956212 1.10561845 -1.80907278 0.05493863 -0.02718810 -0.13213716 0.98933428
1645868527.77386594 53.36128612 0.99491989 -1.80689785 0.05536258 -0.02734759 -0.12564854 0.99015127
1645868533.17862606 56.73970007 0.37889640 -1.81475998 0.05416866 -0.02779637 -0.08930956 0.99414130
1645868533.84734392 57.24479738 0.28978980 -1.81156704 0.05402396 -0.02777706 -0.08440798 0.99457787
1645868534.51129007 57.78240391 0.21240921 -1.80885199 0.05372606 -0.02794126 -0.07399824 0.99541803
1645868535.26801300 58.35423901 0.12029863 -1.79862933 0.05368620 -0.02824089 -0.06481993 0.99605151
1645868536.84306407 59.58093866 -0.04236913 -1.78383320 0.05386531 -0.02780131 -0.06213675 0.99622520
1645868537.77447891 60.19481117 -0.17251246 -1.77432069 0.05388605 -0.02791077 -0.05685867 0.99653619
1645868538.60257101 60.72868010 -0.23700637 -1.77396498 0.05262569 -0.02907036 -0.04033870 0.99737568
1645868544.93149400 65.05795380 -0.46597628 -1.69966521 0.04928536 -0.02983545 -0.05171093 0.99699889
1645868545.84139895 65.71666720 -0.53521414 -1.69936276 0.05107231 -0.03099155 -0.03138641 0.99772042
1645868546.67693400 66.24723276 -0.55803405 -1.68509908 0.05079996 -0.03083171 -0.03181630 0.99772566
1645868547.43193889 66.78226098 -0.58432238 -1.66222246 0.05078056 -0.03051456 -0.03042628 0.99777975
1645868548.17582512 67.28781090 -0.61712149 -1.65408817 0.05069125 -0.03065409 -0.02926152 0.99781486
1645868548.93217492 67.83571041 -0.66291882 -1.65048612 0.05183962 -0.03239732 -0.01595412 0.99800227
1645868549.60547590 68.35910770 -0.66920641 -1.63082937 0.05314575 -0.03109841 -0.02967082 0.99766130
1645868550.34143090 68.92136509 -0.69992079 -1.61406502 0.05482332 -0.03037356 -0.02535852 0.99771178
1645868552.26621389 70.35488430 -0.73210472 -1.58071047 0.05408200 -0.02866423 -0.04036188 0.99730859
1645868553.00972009 70.87434379 -0.77417900 -1.55942038 0.05715321 -0.02728073 -0.05070444 0.99670373
1645868553.76277089 71.40110937 -0.82704967 -1.54913350 0.05784227 -0.02693482 -0.04688014 0.99686059
1645868555.17751503 72.40687400 -0.90693905 -1.54520587 0.05860570 -0.02844703 -0.02063492 0.99766244
1645868555.93104696 72.93298551 -0.93746841 -1.52956777 0.05999020 -0.02844701 -0.01359665 0.99770089
1645868556.67614007 73.48802473 -0.94274607 -1.51373450 0.06148908 -0.02771176 -0.02015985 0.99751929
1645868558.67969894 74.84346738 -0.97398386 -1.50018218 0.06047899 -0.02886979 -0.02319682 0.99748220
1645868559.67999911 75.35733444 -0.98401541 -1.49941508 0.05840922 -0.02978074 -0.02944539 0.99741388
1645868560.76490998 75.87877563 -0.99392096 -1.55120965 0.05566622 -0.03185572 -0.05721564 0.99629958
1645868562.34189796 76.37913581 -1.04572756 -1.56569307 0.05772579 -0.03164515 -0.07282538 0.99516973
1645868563.60236812 76.76430898 -1.14301729 -1.89138632 0.06593671 -0.03330675 -0.04181343 0.99639081
1645868569.93446112 78.87126828 -1.25826062 -1.83006772 0.05444276 -0.03501223 -0.02600834 0.99756388
1645868570.67673397 79.37250486 -1.27289617 -1.81082123 0.05455312 -0.03524961 -0.01815037 0.99772340
1645868571.43531394 79.87900008 -1.28439362 -1.77019562 0.05428026 -0.03465333 -0.01476223 0.99781505
1645868572.18109989 80.41294033 -1.28321297 -1.76571727 0.05318330 -0.03478154 -0.02130615 0.99775139
1645868573.26978207 81.11018278 -1.28274285 -1.74671605 0.05322324 -0.03423528 -0.02663879 0.99764002
1645868574.17959690 81.64822346 -1.29065623 -1.73551281 0.05185799 -0.03473223 -0.03269404 0.99751467
1645868581.61171699 85.11019082 -1.20518278 -1.64271421 0.04794691 -0.03929270 0.11359729 0.99159106
1645868588.60427403 90.47509615 -2.11283483 -1.36815745 0.01722220 -0.04043583 0.50695210 0.86085301
1645868590.60798001 90.81029512 -1.50219356 -1.33596092 0.01604104 -0.03719973 0.59443430 0.80312311
1645868592.34249091 90.98851765 -1.02130425 -1.31280044 0.01650328 -0.03485091 0.64982940 0.75910131
1645868597.30251002 89.14804661 -1.40277302 -2.47310303 0.05294592 -0.10499932 0.68800692 0.71611336
1645868599.97293091 89.12641742 -0.37819991 -2.31270480 0.04710760 -0.10695777 0.71981419 0.68425759
1645868601.13237095 89.08680571 0.15836742 -2.21459439 0.04647791 -0.10667931 0.72743286 0.67624017
1645868602.13721108 89.04032908 0.67603425 -2.12216946 0.04770776 -0.10694105 0.72035297 0.68365136
1645868603.51106191 88.99914190 1.21024706 -2.01639291 0.04682891 -0.10731272 0.72431356 0.67945633
1645868604.79532290 88.96668747 1.73056128 -1.92312712 0.04373138 -0.10772380 0.74895051 0.65234675
1645868606.78484392 88.91947816 2.55543874 -1.78579369 0.03811974 -0.10883188 0.78535684 0.60820814
1645868608.28426290 88.72645441 3.20593205 -1.68055678 0.03962340 -0.10969857 0.77436787 0.62189276
1645868635.93503308 87.52309336 15.96876669 0.73772067 0.01082776 -0.10295840 0.92839246 0.35688901
1645868637.60191393 87.14751709 16.31050949 0.75113545 0.00128192 -0.09987968 0.95690025 0.27269822
1645868639.26347899 86.70544362 16.57728325 0.74483482 -0.01226155 -0.09731685 0.98050362 0.17026959
1645868642.93190193 82.27420745 14.80239236 -0.05548271 0.00040336 -0.05999848 0.99351596 0.09657153
1645868645.83722091 79.28408985 15.21881222 -0.11304573 -0.00844981 -0.05822904 0.99516199 0.07868026
1645868648.26288295 76.47904243 15.49383743 -0.27123560 -0.00985717 -0.06041609 0.99487806 0.08043861
1645868649.09458208 75.88246172 15.56536642 -0.30727242 -0.00907443 -0.06119798 0.99401025 0.09008930
1645868651.17038298 73.39125250 15.98005911 -0.43323143 -0.00848452 -0.06207626 0.99307460 0.09938501
1645868651.93448806 72.87246986 16.07584933 -0.46869271 -0.00916500 -0.06047069 0.99397000 0.09101060
1645868652.76579309 72.26827608 16.16257330 -0.50631341 -0.00847051 -0.06043318 0.99315406 0.09960473
1645868653.50652003 71.73387849 16.26169675 -0.53398985 -0.00781987 -0.06166190 0.99213789 0.10862348
1645868658.83885908 66.29997139 17.14457508 -0.78176980 -0.00592421 -0.06263761 0.98655534 0.15083098
1645868659.59585404 65.76638231 17.29017010 -0.80522418 -0.00698794 -0.06231032 0.98826108 0.13931486
1645868660.43051505 65.22878674 17.42462163 -0.82594963 -0.00766910 -0.06214525 0.98937008 0.13124788
1645868661.17186093 64.72166958 17.53980388 -0.85253214 -0.00778231 -0.06281279 0.98926956 0.13168039
1645868662.59529090 63.79101103 17.72220199 -0.90462678 -0.00715550 -0.06125765 0.98788548 0.14240289
1645868663.33642697 63.30014270 17.85458233 -0.93019165 -0.00657201 -0.06088821 0.98753263 0.14501288
1645868664.26408601 62.74607807 17.99911553 -0.95455375 -0.00655844 -0.06106804 0.98802272 0.14155840
1645868665.17055297 62.20312395 18.13711501 -0.97676698 -0.00684317 -0.06016232 0.98905233 0.13457025
1645868666.00572109 61.69997800 18.27438939 -0.99408527 -0.00690279 -0.05953450 0.98966514 0.13027245
1645868688.51072502 50.94056901 19.51980366 -1.54931974 -0.00508498 -0.05535751 0.99342165 0.10011553
1645868689.67290711 50.42377768 19.62181128 -1.57734625 -0.00503813 -0.05486805 0.99325493 0.10202328
1645868691.45095992 49.75195131 19.77027798 -1.59795872 -0.00517858 -0.05495892 0.99234189 0.11050013
1645868692.84221411 49.11551125 19.89993276 -1.62753801 -0.00470469 -0.05596618 0.99165873 0.11601126
1645868694.11716604 48.53530825 19.99997069 -1.64688917 -0.00539433 -0.05704983 0.99200760 0.11241507
1645868695.28222895 48.01721465 20.07309762 -1.66258778 -0.00565161 -0.05796893 0.99140662 0.11713487
1645868696.45073390 47.45541452 20.19163441 -1.68362601 -0.00621330 -0.05832882 0.99172860 0.11416446
1645868734.50342107 31.44772409 24.34085444 -2.23155735 -0.00610916 -0.07213831 0.98580149 0.15150633
1645868735.45875096 30.92185680 24.47930821 -2.25188344 -0.00550521 -0.07328617 0.98448615 0.15932938
1645868736.79275393 30.16498609 24.67858269 -2.27559765 -0.00599757 -0.07254709 0.98479711 0.15772003
1645868753.44542098 18.41745051 27.06263481 -2.86742399 -0.01056397 -0.07286662 0.99303925 0.09193428
1645868777.58395791 1.32779898 27.78427999 -3.98218724 -0.00556116 -0.07404055 0.99563518 0.05654781
1645868778.41670895 0.78134365 27.84418911 -4.00730822 -0.00647290 -0.07342121 0.99608120 0.04888423
1645868779.48796606 0.01912268 27.90120477 -4.04126736 -0.00809781 -0.07256919 0.99668951 0.03575124
1645868780.41703606 -0.58605059 27.92287332 -4.06813406 -0.00950554 -0.07086812 0.99705165 0.02784546
1645868781.15394592 -1.09464735 27.94970931 -4.09762878 -0.01003406 -0.07083344 0.99718590 0.02241051
1645868781.98730493 -1.66814672 27.96766092 -4.13366893 -0.01069899 -0.07052551 0.99736648 0.01310660
1645868783.07629490 -2.39771340 27.98022369 -4.18330020 -0.01358609 -0.06984465 0.99737890 -0.01313317
1645868788.48552990 -5.23882130 27.43399382 -4.51704517 -0.02404066 -0.06037227 0.98026654 -0.18669425
1645868789.65395093 -5.73292871 27.22211232 -4.57883212 -0.02651412 -0.05868381 0.97503618 -0.21250332
1645868791.15330100 -6.47746482 26.86257411 -4.67917849 -0.03039095 -0.05529211 0.96481901 -0.25523215
1645868802.65243292 -11.65945131 27.02547958 -5.23041673 0.06500041 -0.03007119 -0.77563397 0.62710654
1645868803.76335096 -11.77243891 26.48300476 -5.27872267 0.06543440 -0.03051778 -0.77031240 0.63356595
1645868804.59771991 -11.87234424 25.99133214 -5.31500435 0.06689596 -0.03223740 -0.76495157 0.63979276
1645868805.48435307 -11.97675653 25.45306900 -5.36263772 0.06750099 -0.03432925 -0.75477091 0.65160264
1645868822.65178609 -8.88290268 12.01594118 -6.98088152 0.10335941 -0.09542991 -0.68172873 0.71795258
1645868823.65055990 -8.85228412 11.51082923 -7.03119163 0.10325732 -0.09526342 -0.68039234 0.71925592
1645868824.98548794 -8.82998148 10.99331763 -7.06983422 0.10334663 -0.09581232 -0.67511212 0.72412920
1645868826.76698494 -8.79203428 10.31084399 -7.10319118 0.10269590 -0.09731154 -0.66546167 0.73290162
1645868835.42364907 -8.55251151 8.90206813 -7.13225296 0.07942178 -0.13149689 -0.43345092 0.88798707
1645868836.76283312 -8.24432317 8.50439512 -7.07142110 0.07374037 -0.13742192 -0.37091396 0.91547824
1645868846.59511900 -0.78945220 10.07764340 -5.02170178 0.07926465 -0.13105283 -0.48692944 0.85990813
1645868849.75664091 -0.58127661 9.58775079 -4.96218150 0.07693763 -0.12919352 -0.49556653 0.85545511
1645868862.74648690 2.82484006 4.12928347 -4.16681746 0.07521638 -0.13776758 -0.42308189 0.89239246
