# timestamp tx ty tz qx qy qz qw
1645868413.63075089 0.00000000 -0.00000000 -0.00000000 0.00000000 0.00000000 0.00000000 1.00000000
1645868421.29097199 0.50590005 -0.05415087 -0.04341734 0.00189572 -0.00113969 0.03277198 0.99946041
1645868422.78883195 1.01683621 -0.00781678 -0.05027912 0.00274091 -0.00098161 0.06277642 0.99802337
1645868424.35903907 1.53319632 0.06322127 -0.07296669 0.00542780 -0.00124724 0.09350319 0.99560340
1645868426.11511588 2.02383858 0.16080920 -0.07803474 0.00645063 -0.00083857 0.10988684 0.99392282
1645868427.61535192 2.52592873 0.27963165 -0.16336615 -0.00115358 -0.00118421 0.12543801 0.99210008
1645868429.69186401 3.03349021 0.41230700 -0.16746789 0.00011323 0.00006653 0.13958741 0.99020974
1645868431.11254692 3.51176298 0.57417605 -0.18834122 0.00024338 0.00027256 0.14492801 0.98944213
1645868432.52583504 4.01566779 0.72455121 -0.22169168 0.00019753 -0.00030195 0.14941548 0.98877444
1645868433.86493802 4.49358055 0.88743041 -0.24040309 0.00017290 -0.00018768 0.15286135 0.98824761
1645868435.45024300 4.98417845 1.05632949 -0.26040537 0.00001752 -0.00033416 0.15741004 0.98753327
1645868436.86219597 5.47938035 1.21971048 -0.27379834 0.00022440 0.00018272 0.16805009 0.98577842
1645868438.28365898 5.96753754 1.40188900 -0.30584849 -0.00000872 -0.00048827 0.16832010 0.98573227
1645868439.69281101 6.43362284 1.58694948 -0.32017917 0.00091402 -0.00032228 0.17054092 0.98535012
1645868441.11852407 6.92709991 1.77158540 -0.31299407 0.00165246 0.00005112 0.17983790 0.98369487
1645868442.45937800 7.39688068 1.95915087 -0.31226621 0.00222937 0.00044262 0.18558024 0.98262649
1645868443.78495097 7.85779086 2.15750009 -0.33589344 0.00286432 0.00047096 0.18658231 0.98243504
1645868447.69312596 9.43229087 2.77006307 -0.45132971 -0.00257192 -0.00176906 0.17140837 0.98519512
1645868448.78560996 9.90150450 2.94989955 -0.47505620 -0.00330392 -0.00234849 0.16678348 0.98598521
1645868450.02716494 10.42129794 3.14287765 -0.49597580 -0.00271835 -0.00244464 0.16997319 0.98544191
1645868455.13221502 12.24298340 3.94876526 -0.61793165 -0.00428527 -0.00152128 0.24039977 0.97066332
1645868456.47265005 12.68434588 4.19270052 -0.57689994 -0.00450226 -0.00024878 0.26078417 0.96538660
1645868457.81069303 13.15918817 4.49868008 -0.59628379 -0.00449798 -0.00033074 0.27439958 0.96160518
1645868459.02470207 13.60700166 4.78658067 -0.63295105 -0.00518372 -0.00064158 0.28180351 0.95945792
1645868460.36008596 14.05757579 5.07761356 -0.67473563 -0.00736308 -0.00202566 0.23545218 0.97185593
1645868475.95663190 20.18407907 7.03182560 -0.90210621 -0.01342043 -0.00926338 -0.02421082 0.99957387
1645868477.11272001 20.70266480 7.07883361 -1.00678302 -0.01336263 -0.01055793 -0.01266757 0.99977473
1645868478.27868390 21.21322090 7.12592594 -0.93612275 -0.01617602 -0.01077519 -0.02996975 0.99936182
1645868479.35401106 21.73193064 7.12996574 -0.95741345 -0.01561201 -0.01148867 -0.04833734 0.99864297
1645868480.68614602 22.54018010 7.15141136 -0.92341753 -0.01100563 -0.00724041 -0.01434900 0.99981026
1645868481.52008200 23.05492191 7.16882536 -0.92004457 -0.01234024 -0.00754190 -0.04538867 0.99886471
1645868482.28124189 23.55376697 7.14230689 -0.89849918 -0.01335269 -0.00761132 -0.06045835 0.99805238
1645868483.35260892 24.35007272 7.04479027 -0.91565756 -0.00577415 -0.00684868 -0.04509498 0.99894254
1645868496.85232711 32.52416204 6.64385023 -1.06139184 -0.01004920 -0.00600895 -0.01877354 0.99975520
1645868497.85494089 33.04484628 6.61455592 -1.06707858 -0.00939730 -0.00558848 -0.00634002 0.99992013
1645868515.95414090 45.18430071 6.41823479 -1.57816010 -0.00500768 -0.01138279 -0.08203887 0.99655154
1645868516.61843896 45.74252556 6.34052180 -1.58866781 -0.00433478 -0.01174209 -0.09991892 0.99491685
1645868517.18463206 46.24584403 6.25603763 -1.60055279 -0.00389359 -0.01127490 -0.11694237 0.99306707
1645868525.28122211 51.88631065 4.96662195 -1.82973638 0.00434320 -0.01356888 -0.06651949 0.99768341
1645868526.11034703 52.57599229 4.87352187 -1.78848635 0.01015201 -0.01554669 -0.07683070 0.99687125
1645868527.10951209 53.34803172 4.72218798 -1.74702903 0.01125151 -0.01556145 -0.09541697 0.99525215
1645868527.77386594 53.87919007 4.61874128 -1.74916111 0.01126800 -0.01540456 -0.08798961 0.99593853
1645868528.51462793 54.41489627 4.53433272 -1.76367049 0.01189481 -0.01536429 -0.06494196 0.99769985
1645868529.27352309 54.94093630 4.48622042 -1.80827323 0.01131128 -0.01588399 -0.05421300 0.99833897
1645868530.10966802 55.46492682 4.44064845 -1.80244566 0.01706047 -0.01834748 -0.04617345 0.99861921
1645868531.01335597 55.98988006 4.38248914 -1.82148913 0.01679090 -0.01834800 -0.03942714 0.99891287
1645868536.50897098 61.43434178 3.93917312 -1.82313734 0.02275917 -0.02061267 0.00003272 0.99952846
1645868537.17654896 61.94179097 3.94084163 -1.82844939 0.02222145 -0.02059795 -0.00010363 0.99954086
1645868537.93575501 62.46735948 3.92377151 -1.81939888 0.02233490 -0.02050827 0.00690862 0.99951630
1645868538.76732802 63.01814618 3.93858757 -1.83122808 0.02280983 -0.02077354 0.02698590 0.99915961
1645868539.67895603 63.55463013 3.97686509 -1.85484675 0.02341760 -0.02129431 0.05997965 0.99769765
1645868540.51143003 64.06884681 4.05033996 -1.84633277 0.02400172 -0.02163587 0.06365308 0.99744879
1645868541.26952195 64.57550645 4.12689615 -1.84655115 0.02439784 -0.02090996 0.03310470 0.99893523
1645868543.60117292 66.32833556 4.22786309 -1.83887285 0.01841101 -0.02219231 0.02266266 0.99932724
1645868544.26836205 66.86176903 4.26027571 -1.84579424 0.01764188 -0.02168560 0.02114027 0.99938561
1645868544.93149400 67.36981938 4.28910128 -1.83795202 0.01942465 -0.02386624 0.00994638 0.99947694
1645868545.59760690 67.87043077 4.29867981 -1.83661329 0.01974093 -0.02385419 0.02033482 0.99931365
1645868546.34319091 68.38522077 4.32856651 -1.82062033 0.01994266 -0.02383187 0.03222387 0.99899747
1645868547.09789491 68.92104290 4.37059358 -1.81180937 0.01778825 -0.02466501 0.03044867 0.99907362
1645868547.84387302 69.46566672 4.41314219 -1.81026084 0.01673980 -0.02465440 0.03112142 0.99907127
1645868548.59724689 69.99267937 4.41068113 -1.71218451 0.01378540 -0.02508789 0.03949513 0.99880964
1645868549.26515508 70.53067773 4.45237054 -1.69470326 0.01385109 -0.02485497 0.03938614 0.99881886
1645868549.93253398 71.04420176 4.50150057 -1.70271180 0.01332164 -0.02493462 0.03119317 0.99911350
1645868550.59986496 71.54860752 4.52794004 -1.70295393 0.01419038 -0.02472826 0.03955466 0.99881058
1645868551.26543498 72.06192811 4.59445561 -1.73539950 0.01225225 -0.02418730 0.04016518 0.99882512
1645868551.93381810 72.56760488 4.65659414 -1.75179151 0.01091034 -0.02436003 0.02806482 0.99924968
1645868552.67712593 73.12217396 4.68362564 -1.76656413 0.01602805 -0.02237275 0.01408279 0.99952200
1645868553.43039703 73.66752916 4.69843642 -1.74586268 0.01620426 -0.02227625 0.00946995 0.99957567
1645868554.17618203 74.18869434 4.71234969 -1.74627375 0.01579480 -0.02249448 0.02374645 0.99934010
1645868554.93659210 74.74728112 4.74710255 -1.74266114 0.01692928 -0.02226916 0.03644612 0.99894402
1645868555.67658591 75.30167054 4.78459101 -1.74586532 0.01802809 -0.02279099 0.04589093 0.99852370
1645868556.43365788 75.86629199 4.84861796 -1.77514856 0.02084694 -0.02381768 0.04377448 0.99853989
1645868557.17649198 76.41902872 4.91209415 -1.79557232 0.02157992 -0.02404639 0.03563218 0.99884254
1645868557.93097711 76.96432455 4.96725104 -1.81789517 0.02188429 -0.02505067 0.03405205 0.99886636
1645868558.76905107 77.51236836 5.00747485 -1.82555077 0.02108385 -0.02578274 0.03649494 0.99877867
1645868559.76477194 78.02193921 5.05277335 -1.84636856 0.01920701 -0.02758844 0.02779128 0.99904835
1645868560.76490998 78.51432785 5.08332109 -1.93491975 0.01692743 -0.03151217 0.00311986 0.99935515
1645868562.34189701 79.01989031 5.08709357 -1.95147859 0.01897025 -0.03100092 -0.01247043 0.99926151
1645868563.10227609 79.25119526 5.04810116 -2.50925566 0.02184849 -0.03368470 0.00472594 0.99918249
1645868564.60083508 79.75321311 5.07942209 -2.58756850 0.01677099 -0.03077557 0.03401429 0.99880660
1645868566.93771100 80.25895965 5.12363764 -2.60496706 0.01931179 -0.03566575 0.01871022 0.99900197
1645868568.60244608 80.77454427 5.16917392 -2.60283085 0.01566938 -0.03861406 0.02076635 0.99891550
1645868569.43382597 81.27410892 5.20186703 -2.58272773 0.01613933 -0.03886319 0.02667837 0.99875795
1645868570.17741394 81.77917651 5.22949205 -2.56774294 0.01667806 -0.03908305 0.04130138 0.99824273
1645868570.93433094 82.27362319 5.27833793 -2.51144346 0.01846267 -0.03815548 0.04484720 0.99809419
1645868571.67908597 82.82898431 5.33711155 -2.45867629 0.02006607 -0.03711592 0.04247962 0.99820601
1645868572.43662310 83.36541248 5.39750429 -2.45207269 0.01943515 -0.03720282 0.03861822 0.99837210
1645868573.26978207 83.91406711 5.44706227 -2.44754433 0.01912063 -0.03719888 0.03442792 0.99853160
1645868574.10194302 84.42072850 5.50461278 -2.44328141 0.01717407 -0.03848514 0.02819824 0.99871357
1645868575.01255798 84.95074485 5.54872751 -2.41372892 0.01667736 -0.03875869 0.03257888 0.99857811
1645868576.01326895 85.48427248 5.58997867 -2.37019851 0.01664807 -0.03829307 0.04814187 0.99796736
1645868577.01746011 85.99587124 5.64126686 -2.34681945 0.01733120 -0.03826609 0.05314276 0.99770295
1645868578.11018109 86.52364413 5.69011936 -2.31935980 0.01802060 -0.03785010 0.06923128 0.99671945
1645868580.17883992 87.39913478 5.82879601 -2.32417377 0.01578673 -0.03736235 0.12430619 0.99141455
1645868590.44168901 91.04795431 7.83540621 -2.10309660 0.00505891 -0.02493928 0.47947705 0.87718539
1645868592.50609994 91.86716421 8.04630817 -2.01553886 0.00911243 -0.02067725 0.55949488 0.82852574
1645868599.01104808 92.26911324 10.38638765 -2.00539922 0.00751380 -0.01867788 0.71195107 0.70194042
1645868600.46493196 92.23409893 11.00280386 -2.01523867 0.00736322 -0.01943071 0.70513246 0.70877108
1645868601.46677995 92.22540661 11.54071703 -2.01910109 0.00726495 -0.01943368 0.70830674 0.70559982
1645868602.80264902 92.21449037 12.16550201 -2.02261084 0.00667323 -0.02148613 0.70249104 0.71133688
1645868604.13315392 92.19776526 12.66965332 -2.03284213 0.00689729 -0.02095455 0.71549020 0.69827438
1645868612.12933302 90.77983398 18.74266884 -2.01443354 0.02021406 -0.00956409 0.75053258 0.66045497
1645868618.67542005 90.41210573 22.05200234 -2.02189244 0.01992979 -0.00731823 0.74688873 0.66461001
1645868624.63455510 90.03285544 24.82701723 -2.01523096 0.02231461 -0.00569111 0.76389546 0.64492899
1645868625.79936409 89.93800977 25.32798487 -2.01913866 0.02217670 -0.00571412 0.76798661 0.64005633
1645868643.83639312 73.76043438 21.30011966 -2.89763527 -0.02620986 -0.04670823 0.81207124 0.58109525
1645868644.66992807 73.59505623 21.77246488 -2.92707833 -0.02587110 -0.04602503 0.81295849 0.57992317
1645868645.50314593 73.40854687 22.27336725 -2.96138107 -0.02654806 -0.04589692 0.81814845 0.57255724
1645868647.09692001 72.98123014 23.25228075 -3.00648010 -0.02726965 -0.04523596 0.82498327 0.56268345
1645868648.09792709 72.71007886 23.92420682 -3.05105011 -0.02697295 -0.04582689 0.82283650 0.56578480
1645868648.76095510 72.51046392 24.38297748 -3.06943390 -0.02707888 -0.04699476 0.81851637 0.57191711
1645868649.60984612 72.29035604 24.96429435 -3.08762655 -0.02648803 -0.04777030 0.81372882 0.57867244
1645868657.92931104 69.27807870 32.24462282 -3.35088613 -0.02558738 -0.04287370 0.79803299 0.60054182
1645868658.59537911 69.11516069 32.74196837 -3.36983590 -0.02537816 -0.04309303 0.79480134 0.60480557
1645868659.33837295 68.95425296 33.25051341 -3.39429422 -0.02583207 -0.04288059 0.79892759 0.59934020
1645868662.59529090 68.16150675 35.44383898 -3.47894349 -0.02507674 -0.04175986 0.79958104 0.59857951
1645868669.61919188 66.68173348 39.56550812 -3.63742030 -0.02633207 -0.03658245 0.83028437 0.55551437
1645868670.50787497 66.47609171 40.03889398 -3.66207061 -0.02660825 -0.03587496 0.83744278 0.54469677
1645868671.61713910 66.17192409 40.54317720 -3.68896940 -0.02699751 -0.03428294 0.84697314 0.52984179
1645868674.10753894 65.64348501 41.50576677 -3.75408607 -0.02879228 -0.03261354 0.86516730 0.49959274
1645868678.17256689 62.98258615 44.56754448 -4.24317975 -0.02107657 -0.04762919 0.85505473 0.51591535
1645868679.17228103 62.72211202 45.04200233 -4.29480118 -0.01826517 -0.04956187 0.83897656 0.54159794
1645868680.17429209 62.45185951 45.62755648 -4.31877092 -0.01623781 -0.05169797 0.81710900 0.57393078
1645868683.95007396 61.91752442 46.99394727 -4.37308399 -0.01566176 -0.05022610 0.81730943 0.57379207
1645868685.11510611 61.71706498 47.50883374 -4.38200910 -0.01583243 -0.05131041 0.81271637 0.58017987
1645868686.28458905 61.51572332 48.03407666 -4.39737443 -0.01642629 -0.05133146 0.81379226 0.57865137
1645868687.34434605 61.33442253 48.50826469 -4.40637008 -0.01679363 -0.05063669 0.81877578 0.57162936
1645868694.61659098 59.78603228 52.95846679 -4.44842031 -0.01335094 -0.04909137 0.80227991 0.59477621
1645868695.78305507 59.59331115 53.49203116 -4.46435589 -0.01448637 -0.05015558 0.80303866 0.59363581
1645868705.79210997 58.47896373 56.79092213 -4.48313210 -0.01459830 -0.04676858 0.81689439 0.57470266
1645868707.96044898 58.26491590 57.25460368 -4.40332303 -0.01165856 -0.03964487 0.82676658 0.56102529
1645868709.34134102 58.08281391 57.73409827 -4.42075620 -0.01146072 -0.04341956 0.81165498 0.58240843
1645868711.33815789 57.91207875 58.27721214 -4.43078085 -0.01112455 -0.04460531 0.80543088 0.59090415
1645868712.78981400 57.74034613 58.75710148 -4.41773077 -0.00998399 -0.04316654 0.80124048 0.59669981
1645868714.00606990 57.53264074 59.23504419 -4.42340944 -0.00944009 -0.04451042 0.78319958 0.62010332
1645868715.95391297 57.26010333 60.06691430 -4.43958818 -0.00975139 -0.04409542 0.78225408 0.62132041
1645868722.45441198 55.40637658 65.65211405 -4.42834934 -0.00902235 -0.04871810 0.76750599 0.63912417
1645868723.84128094 55.23671619 66.39869938 -4.41861232 -0.00885288 -0.04823853 0.76929841 0.63700442
1645868724.78769302 55.10433162 66.91955087 -4.40734074 -0.00829244 -0.04841479 0.76164838 0.64612614
1645868726.28538990 54.92338728 67.79196779 -4.39216026 -0.00672695 -0.04761487 0.75158205 0.65788448
1645868727.14154100 54.83455816 68.29636418 -4.38960274 -0.00702472 -0.04734590 0.75418948 0.65491011
1645868728.16774511 54.71145398 68.97584721 -4.37892939 -0.00802183 -0.04689465 0.75965785 0.64858036
1645868729.00026488 54.61196433 69.48437181 -4.38080302 -0.00816607 -0.04658262 0.76549542 0.64170098
1645868755.49895906 50.64199954 81.98328167 -4.39903692 -0.01689833 -0.04275304 0.78609464 0.61639423
1645868758.32535195 50.32732075 82.87892418 -4.46528770 -0.01131181 -0.04107639 0.79334870 0.60727475
1645868765.59173012 48.86715477 87.15694875 -4.51317492 -0.01210933 -0.03626702 0.80735129 0.58883101
1645868766.32307291 48.68669327 87.65377987 -4.52809223 -0.01231705 -0.03707355 0.80453864 0.59261405
1645868767.16150093 48.50470415 88.17144719 -4.52496710 -0.01179833 -0.03698159 0.79946768 0.59945357
1645868767.82409501 48.34037244 88.64604681 -4.54797322 -0.01158035 -0.03951319 0.78567200 0.61727150
1645868768.59483194 48.19579196 89.17137996 -4.57917055 -0.01134838 -0.04058951 0.78965248 0.61210511
1645868772.58315611 46.07731974 94.71544566 -4.48898033 -0.01319501 -0.04022400 0.80888212 0.58644492
1645868773.25089192 45.91218677 95.20444284 -4.50492329 -0.01265695 -0.04126378 0.80537146 0.59119702
1645868774.08724594 45.73218369 95.75074138 -4.49539806 -0.01289711 -0.04077283 0.80332670 0.59400122
1645868774.99001694 45.54794172 96.27790522 -4.50598618 -0.01352618 -0.04120089 0.80647268 0.58967901
1645868787.31902790 40.79543524 106.60850783 -4.61715217 -0.02931407 -0.01871454 0.94632805 0.32133110
1645868788.41525507 40.37459292 106.90637325 -4.63539618 -0.03073268 -0.01764497 0.95371268 0.29862400
1645868789.58486891 39.95626660 107.21158507 -4.64137357 -0.03224530 -0.01568863 0.96109289 0.27388787
1645868790.48492694 39.52297667 107.47100950 -4.69135723 -0.03314545 -0.01481857 0.96748910 0.25029310
1645868796.82034802 36.62374013 108.42060239 -5.21804203 -0.02723475 -0.00277824 0.99960625 0.00615623
1645868805.26505899 29.61850283 109.05413088 -4.07528250 -0.04775752 -0.04040963 0.99401104 -0.08960097
1645868811.60282898 25.01637274 107.55574408 -4.77120735 -0.06785385 -0.01480387 0.94866385 -0.30856702
1645868812.48805189 24.61666243 107.26209577 -4.86485319 -0.06933638 -0.01128349 0.93732886 -0.34129130
1645868813.43471909 24.20505211 106.90888229 -4.95966922 -0.07041634 -0.00881566 0.92873876 -0.36387928
1645868814.43224597 23.75085063 106.47595232 -5.06875582 -0.07023055 -0.00937729 0.92981745 -0.36113606
1645868815.26637197 23.34178602 106.11324344 -5.17476999 -0.06967460 -0.01019480 0.93110729 -0.35788369
1645868816.09884501 22.96883460 105.77300284 -5.26716461 -0.06982151 -0.00993145 0.92968075 -0.36155224
1645868817.60365701 22.29421735 105.15531361 -5.43970318 -0.06969596 -0.00964942 0.92804291 -0.36576729
1645868818.65374708 21.83524608 104.72668405 -5.54449784 -0.07066118 -0.00644675 0.92567729 -0.37160058
1645868819.81846309 21.35655504 104.27394348 -5.66338479 -0.07057863 -0.00603879 0.92438149 -0.37483469
1645868820.81774497 20.90525807 103.83492525 -5.77873950 -0.06982537 -0.00723087 0.92821107 -0.36537151
1645868823.09988594 18.79180238 102.12324385 -6.12244218 -0.07961170 -0.01119291 0.92633725 -0.36801631
1645868824.31720209 18.40898034 101.73843407 -6.24606514 -0.08001838 -0.01148749 0.92527374 -0.37058548
1645868831.65277410 16.61512259 99.54716880 -6.78801879 0.09352649 -0.02247527 -0.76773659 0.63350469
1645868833.09481096 16.49301852 99.02632279 -6.84973277 0.09649881 -0.03556223 -0.70899296 0.69767635
1645868835.75707412 16.52451546 98.06348728 -6.96376554 0.09708371 -0.05320368 -0.59984659 0.79241920
1645868840.75557899 26.76744882 91.12248297 -6.12899206 0.09399357 -0.01531388 -0.81637585 0.56961493
1645868852.75294805 25.32392898 87.08678181 -6.74912949 0.09283680 -0.00784739 -0.82448618 0.55815973
1645868853.65854907 25.16177151 86.61509995 -6.84115398 0.09268502 -0.00644204 -0.83186976 0.54713864
1645868859.24560189 23.78858070 82.00033989 -7.70016066 0.10097267 -0.03411461 -0.73707108 0.66735818
1645868860.32290411 23.77490664 81.49865709 -7.77411729 0.09916961 -0.03250870 -0.73078920 0.67457818
1645868862.74648690 23.76443955 80.56908172 -7.87985287 0.10082562 -0.03322019 -0.72827949 0.67700783
