# timestamp tx ty tz qx qy qz qw
1645868413.52851009 0.00000000 -0.00000000 -0.00000000 -0.00000000 0.00000002 -0.00000001 1.00000000
1645868421.29097199 0.50142523 -0.05457522 -0.03983166 0.00169840 -0.00084263 0.03287199 0.99945777
1645868422.78883195 1.00970863 -0.00879384 -0.04545379 0.00221562 -0.00022059 0.06293710 0.99801501
1645868424.35903907 1.52350453 0.06176686 -0.06749488 0.00422850 -0.00059990 0.09372166 0.99558928
1645868426.11511588 2.01114543 0.16036904 -0.07252001 0.00490179 0.00059843 0.11019860 0.99389732
1645868427.61535192 2.51163980 0.27728519 -0.15718136 -0.00244846 -0.00025582 0.12585344 0.99204579
1645868429.69186401 3.00997563 0.40311695 -0.16035371 -0.00087673 0.00108017 0.14034740 0.99010134
1645868431.11254692 3.48561423 0.56434198 -0.18000891 -0.00021421 0.00118173 0.14575981 0.98931928
1645868432.52583504 3.98657595 0.71487619 -0.21284384 -0.00011815 0.00058400 0.15030998 0.98863874
1645868433.86493802 4.46150975 0.87794750 -0.23096205 -0.00026772 0.00062983 0.15381854 0.98809888
1645868435.45024300 4.94909713 1.04711972 -0.25034943 -0.00055405 0.00033899 0.15842959 0.98737006
1645868436.86219597 5.44129575 1.21085158 -0.26300362 -0.00054578 0.00068454 0.16912984 0.98559339
1645868438.28365898 5.92644914 1.39340725 -0.29423358 -0.00076890 0.00013437 0.16946090 0.98553660
1645868439.69281101 6.38943521 1.57886256 -0.30781578 0.00061351 0.00025255 0.17174241 0.98514167
1645868441.11852407 6.87980760 1.76405274 -0.29976182 0.00220739 0.00077587 0.18109725 0.98346241
1645868442.45937800 7.34645037 1.95216404 -0.29812571 0.00374557 0.00128880 0.18689742 0.98237145
1645868443.78495097 7.80417844 2.15116863 -0.32076886 0.00520206 0.00134874 0.18795698 0.98216256
1645868445.02463007 8.27672071 2.33513627 -0.30318249 0.00578173 0.00145534 0.18223399 0.98323712
1645868446.28795195 8.76161553 2.53325770 -0.33977390 0.00425408 0.00071231 0.17830655 0.98396553
1645868447.36026692 9.23053166 2.71086931 -0.35902792 0.00323770 0.00059486 0.17519583 0.98452810
1645868448.45507002 9.69162092 2.89129892 -0.44740685 -0.00066898 -0.00214824 0.16895948 0.98562043
1645868449.62743211 10.18263121 3.08038562 -0.46515603 -0.00033506 -0.00172865 0.16806507 0.98577433
1645868450.79073501 10.66608650 3.24923900 -0.45535588 0.00071322 -0.00089443 0.18234153 0.98323459
1645868451.96394110 11.14203517 3.44658478 -0.50641655 -0.00089089 -0.00216179 0.20330167 0.97911336
1645868453.30111790 11.59696265 3.65806425 -0.53460319 -0.00159521 -0.00145653 0.22294088 0.97482957
1645868454.80026889 12.06060245 3.88934816 -0.60084706 -0.00175444 -0.00176313 0.23678765 0.97155824
1645868456.14185905 12.49255529 4.13704060 -0.56916917 -0.00215608 -0.00147613 0.25814842 0.96610174
1645868457.35798407 12.90202049 4.42937278 -0.55975729 -0.00502714 -0.00269163 0.27385268 0.96175475
1645868458.52513409 13.32517077 4.69819853 -0.57468174 -0.00495197 -0.00301467 0.28253109 0.95924062
1645868459.81479907 13.73908275 4.98966176 -0.62585306 -0.00595390 -0.00472498 0.26728673 0.96358706
1645868461.14908099 14.16982501 5.23974561 -0.66117286 -0.00698125 -0.00629407 0.21183577 0.97726007
1645868462.64194298 14.63444057 5.44709490 -0.69132696 -0.00702490 -0.00721294 0.18912167 0.98190204
1645868464.03016305 15.10627322 5.67327980 -0.72271994 -0.00794405 -0.00900989 0.17179628 0.98505926
1645868465.14201498 15.56917224 5.86027623 -0.73020835 -0.00938205 -0.01060401 0.15382687 0.98799637
1645868466.29536700 16.04768760 6.07030057 -0.80019424 -0.01127300 -0.01192330 0.10916976 0.99388768
1645868467.35890603 16.52544552 6.20495920 -0.83336129 -0.01219698 -0.01243654 0.10392180 0.99443292
1645868468.62960696 17.00343280 6.34998076 -0.83946883 -0.01205698 -0.01187430 0.12432990 0.99209662
1645868470.02561498 17.47404531 6.54978432 -0.78465893 -0.01004771 -0.01070766 0.11695346 0.99302884
1645868471.35698795 17.95187513 6.69365583 -0.85210616 -0.00771590 -0.01200070 0.10987169 0.99384338
1645868472.47015309 18.43063149 6.85868130 -0.83955348 -0.00858785 -0.01316389 0.06534822 0.99773873
1645868473.45395088 18.91902945 6.96344572 -0.85268783 -0.00890939 -0.01388842 0.01720446 0.99971583
1645868474.52344108 19.43030690 7.03335464 -0.85339841 -0.01249815 -0.01401891 -0.00167505 0.99982221
1645868475.62232399 19.93721306 7.08902708 -0.75477846 -0.02000914 -0.01310502 -0.01940025 0.99952565
1645868476.77868199 20.43412149 7.11449510 -0.80958177 -0.02072456 -0.01181652 -0.00900337 0.99967485
1645868478.02445889 20.94639022 7.16105349 -0.78412632 -0.02273800 -0.01048191 -0.01379335 0.99959134
1645868479.11993599 21.45274520 7.20368115 -0.79957253 -0.02202253 -0.01111314 -0.04113242 0.99884915
1645868480.02275991 21.98029975 7.20276492 -0.77952301 -0.02048591 -0.00981240 -0.01486999 0.99963140
1645868480.85705495 22.48511069 7.21398355 -0.73619834 -0.02035310 -0.00897174 -0.01250263 0.99967442
1645868481.68526292 22.99878795 7.22724730 -0.75131254 -0.02247331 -0.01065584 -0.04470766 0.99869046
1645868482.44871092 23.49943867 7.19511036 -0.72106034 -0.02346332 -0.01142658 -0.05392312 0.99820399
1645868483.12108898 23.99639450 7.14940844 -0.72856016 -0.02095145 -0.01082394 -0.04190559 0.99884323
1645868483.85291505 24.55200638 7.11485866 -0.74130542 -0.01969619 -0.01030796 -0.03000116 0.99930263
1645868484.52142596 25.06530645 7.11650121 -0.73277536 -0.02088628 -0.00956659 -0.02822885 0.99933747
1645868485.35182691 25.61234286 7.14825520 -0.72546156 -0.02480383 -0.00913788 -0.03279084 0.99911262
1645868486.18698192 26.14757297 7.16771038 -0.70974242 -0.02206305 -0.01090113 -0.04081988 0.99886342
1645868487.01987290 26.65288251 7.14539081 -0.65408951 -0.02342448 -0.00927457 -0.02922838 0.99925521
1645868487.85438609 27.19126763 7.15019615 -0.61934654 -0.02472908 -0.00811328 -0.01281489 0.99957912
1645868488.68927693 27.71317562 7.16398006 -0.72470817 -0.02740663 -0.00929722 -0.01757977 0.99942653
1645868489.52028489 28.24392364 7.15173564 -0.71380352 -0.02734098 -0.00898994 -0.02801858 0.99919298
1645868490.46637893 28.75061043 7.13067211 -0.72734131 -0.02643758 -0.00867203 -0.02272667 0.99935447
1645868491.45270395 29.29254504 7.11550115 -0.70365996 -0.02719468 -0.00907475 -0.03007298 0.99913648
1645868492.35653090 29.83499917 7.08626010 -0.70618844 -0.02668155 -0.00943230 -0.04013224 0.99879354
1645868493.29067492 30.36166841 7.03955141 -0.67399072 -0.02387336 -0.00881814 -0.03906137 0.99891267
1645868494.18673611 30.89877403 7.00254278 -0.68963925 -0.02326462 -0.00887483 -0.02666415 0.99933429
1645868495.12480307 31.40259370 6.97629627 -0.67640375 -0.02264996 -0.00874998 -0.02383301 0.99942104
1645868496.02013803 31.89191162 6.94432618 -0.54047809 -0.02328248 -0.00705102 -0.02329818 0.99943254
1645868497.02043891 32.39173501 6.90669754 -0.53330013 -0.02137719 -0.00678085 -0.01382578 0.99965288
1645868497.95292592 32.89956988 6.88297980 -0.54759084 -0.01977750 -0.00711134 -0.00106115 0.99977855
1645868498.78603792 33.47173328 6.85243049 -0.55217805 -0.01811566 -0.00753476 0.01991189 0.99960921
1645868499.28890204 33.80526536 6.87241869 -0.16048137 -0.01726877 -0.00335665 0.02127861 0.99961880
1645868500.01642108 34.31902181 6.90173158 -0.18957632 -0.01769813 -0.00467221 0.00638706 0.99981206
1645868500.95152998 34.85350949 6.89461171 -0.21840574 -0.01861343 -0.00624417 -0.00884152 0.99976816
1645868501.96419406 35.34814448 6.97497165 -0.32164314 -0.02086416 -0.00713196 -0.00454910 0.99974653
1645868502.85318995 35.83993589 6.97559185 -0.42517128 -0.02123887 -0.00884715 0.00060776 0.99973510
1645868503.63056993 36.36588798 7.03881575 0.55003011 -0.01954914 -0.00135023 -0.01228881 0.99973246
1645868504.45168400 36.87879029 7.01647123 0.52371943 -0.02047419 -0.00309583 -0.02531333 0.99946509
1645868505.45245194 37.42222790 7.01898084 0.52650434 -0.01954789 -0.00367576 -0.02063268 0.99958925
1645868506.35418105 37.92113320 7.04524492 0.57797701 -0.01851399 -0.00343651 -0.01390758 0.99972596
1645868507.18560791 38.42222435 7.06624426 0.52854881 -0.01968503 -0.00519662 -0.02438672 0.99949526
1645868508.02540803 38.96168423 7.05565400 0.50347069 -0.02116881 -0.00613036 -0.03738190 0.99905800
1645868508.85170603 39.50562279 7.01929741 0.49663099 -0.02058577 -0.00635164 -0.02349627 0.99949177
1645868509.62213898 40.05843807 6.99372186 0.56370573 -0.01943561 -0.00553108 -0.02474770 0.99948948
1645868510.27963209 40.55623709 6.97070568 0.57803106 -0.01874565 -0.00628065 -0.01826113 0.99963778
1645868510.94810390 41.06253552 6.92636408 0.52517379 -0.01385367 -0.00763302 -0.01753523 0.99972113
1645868511.68570089 41.60514660 6.91783924 0.54016991 -0.01408604 -0.00767267 -0.03159394 0.99937207
1645868512.35056996 42.11950630 6.90180125 0.52380167 -0.01463427 -0.00870862 -0.04861470 0.99867242
1645868513.12108707 42.63154746 6.89197693 0.43591197 -0.00997278 -0.00841831 -0.04487035 0.99890757
1645868513.78418493 43.14205516 6.86811654 0.41566758 -0.01024492 -0.00939611 -0.03007137 0.99945108
1645868514.44858098 43.66860769 6.86886251 0.41786871 -0.01146231 -0.01016370 -0.03806371 0.99915788
1645868515.11544895 44.18526995 6.85049818 0.46248591 -0.01107582 -0.01129116 -0.05562165 0.99832663
1645868515.68573308 44.68666448 6.81041312 0.45670781 -0.01337736 -0.01126273 -0.07056823 0.99735366
1645868516.35379910 45.23765225 6.74226668 0.43465005 -0.01342220 -0.01187349 -0.08827680 0.99593477
1645868517.02203298 45.79516280 6.65605177 0.42302512 -0.01619715 -0.01178736 -0.10676406 0.99408257
1645868517.62056994 46.28973655 6.56200261 0.38289691 -0.01570562 -0.01236504 -0.12319429 0.99218124
1645868518.29208493 46.82617446 6.43547432 0.38294080 -0.01564043 -0.01209940 -0.13534007 0.99060186
1645868518.85128498 47.32204233 6.31101228 0.35188524 -0.01413911 -0.01189345 -0.13626187 0.99050055
1645868519.51897502 47.81489343 6.18671681 0.34902727 -0.01416545 -0.01164193 -0.13803425 0.99025772
1645868520.28863597 48.29182489 6.04035371 0.25631620 -0.01171671 -0.01329542 -0.13652332 0.99047834
1645868521.11960196 48.82994584 5.88479542 0.23589769 -0.01202866 -0.01349676 -0.12939054 0.99142889
1645868521.85196710 49.32037593 5.76301452 0.24480830 -0.01239786 -0.01372906 -0.12565290 0.99190179
1645868522.62505007 49.81515654 5.63905973 0.23834934 -0.01161709 -0.01218112 -0.12279143 0.99228974
1645868523.44557095 50.30822403 5.51211297 0.22860550 -0.01064707 -0.01148390 -0.08923570 0.99588742
1645868524.28187799 50.81581809 5.42952030 0.21764347 -0.01002890 -0.01159651 -0.06237576 0.99793497
1645868525.01439309 51.34503826 5.36749788 0.19461226 -0.01135631 -0.01207374 -0.05940718 0.99809621
1645868525.68363810 51.87312893 5.30116170 0.18074051 -0.01245867 -0.01183954 -0.06378706 0.99781552
1645868526.34728098 52.41384027 5.22894894 0.15000610 -0.01413114 -0.01165116 -0.07533886 0.99698978
1645868527.01445103 52.92006935 5.14046936 0.22181112 -0.01192231 -0.01104432 -0.08527831 0.99622462
1645868527.68175292 53.43713948 5.01832473 0.09482035 -0.01628443 -0.01146334 -0.08247749 0.99639393
1645868528.43851709 53.98212573 4.91603368 0.08391089 -0.01422195 -0.00977888 -0.06093676 0.99799240
1645868529.17944288 54.51544038 4.86153912 0.05269866 -0.01239885 -0.00975487 -0.04654779 0.99879148
1645868530.01442003 55.03921972 4.82207658 0.05401186 -0.00535861 -0.01208144 -0.03863549 0.99916596
1645868530.94278789 55.56978336 4.76784446 0.03959138 -0.00447291 -0.01194849 -0.03039747 0.99945646
1645868532.01296496 56.11184496 4.73972734 0.06434642 -0.00189743 -0.01131415 -0.03375280 0.99936437
1645868532.61467791 56.53494745 4.70646751 -0.30606517 -0.00663024 -0.01422228 -0.04086514 0.99904144
1645868533.27539110 57.04945963 4.66738892 -0.28481465 -0.00586348 -0.01308501 -0.04268841 0.99898554
1645868533.93822908 57.59507480 4.63157935 -0.29905120 -0.00417482 -0.01279912 -0.03659343 0.99923955
1645868534.60072994 58.13137645 4.60142896 -0.31386572 -0.00279387 -0.01217643 -0.02617214 0.99957939
1645868535.26801300 58.67959462 4.56597479 -0.25164090 0.00063728 -0.01095224 -0.01774926 0.99978228
1645868535.93452692 59.22837308 4.54522009 -0.24571130 0.00229753 -0.01090272 -0.01298448 0.99985362
1645868536.60331702 59.77156803 4.53407834 -0.23977472 0.00315400 -0.01062273 -0.01425576 0.99983698
1645868537.26892710 60.27348962 4.50752691 -0.25648875 0.00339889 -0.01007753 -0.01385786 0.99984741
1645868538.01197410 60.79407074 4.49218706 -0.25219434 0.00369979 -0.00926140 -0.00556536 0.99993478
1645868538.84452105 61.33414646 4.48749212 -0.27638861 0.00381295 -0.00892940 0.01595065 0.99982564
1645868539.67895603 61.83356637 4.50615645 -0.30646770 0.00430245 -0.00814248 0.04589353 0.99890389
1645868540.51143003 62.33884173 4.56709506 -0.34341439 0.00317521 -0.00822873 0.04974047 0.99872323
1645868541.26952195 62.84413385 4.61870780 -0.34036112 0.00088591 -0.00677952 0.01938645 0.99978869
1645868542.01219702 63.37710838 4.63625869 -0.33444223 -0.00057781 -0.00710989 0.01016776 0.99992286
1645868542.67847991 63.90442602 4.64317315 -0.35672843 -0.00216997 -0.00580601 0.01126078 0.99991738
1645868543.34472895 64.40619998 4.65883322 -0.38975040 -0.00494921 -0.00576104 0.00325253 0.99996587
1645868544.01130795 64.92337994 4.67531947 -0.40237063 -0.00599981 -0.00515083 0.01162672 0.99990114
1645868544.67740607 65.43491780 4.68272284 -0.41763658 -0.00649679 -0.00457919 0.00250902 0.99996526
1645868545.34337902 65.94153895 4.68247648 -0.43294760 -0.00598148 -0.00471397 -0.00058461 0.99997083
1645868546.09870911 66.47612385 4.67795742 -0.44702199 -0.00542648 -0.00351871 0.02060464 0.99976678
1645868546.84223604 66.99883295 4.70453672 -0.41878666 -0.00738445 -0.00346322 0.01773196 0.99980951
1645868547.59774303 67.55560812 4.73503825 -0.47736311 -0.00500477 -0.00307693 0.01841628 0.99981315
1645868548.34243989 68.08855631 4.74852299 -0.47412441 -0.00540617 -0.00287542 0.02274806 0.99972248
1645868549.01043105 68.60187539 4.76853158 -0.46403718 -0.00509706 -0.00237569 0.03301247 0.99943912
1645868549.67694807 69.12392047 4.80722692 -0.50922903 -0.00520633 -0.00261739 0.01848224 0.99981221
1645868550.43289590 69.68030775 4.81266424 -0.52140679 -0.00275584 -0.00206005 0.02569483 0.99966391
1645868551.10106802 70.19894618 4.86714013 -0.61194407 -0.00404853 -0.00246834 0.03002295 0.99953796
1645868551.76491499 70.70028760 4.91743434 -0.63813919 -0.00478063 -0.00256624 0.02040025 0.99977717
1645868552.43254709 71.21052784 4.93625717 -0.69061934 -0.00160299 -0.00168904 0.00645745 0.99997644
1645868553.17721605 71.74370623 4.95279830 -0.66374560 -0.00208013 -0.00143041 -0.00365141 0.99999015
1645868553.93135691 72.26865110 4.95169133 -0.68213167 -0.00146416 -0.00064495 0.00640828 0.99997819
1645868554.67664790 72.81937173 4.96316661 -0.68502994 -0.00057864 -0.00015365 0.02078730 0.99978374
1645868555.34188008 73.31647021 4.98378894 -0.68906044 0.00202190 0.00020487 0.03074655 0.99952515
1645868556.09828210 73.86014986 5.02160873 -0.74496749 0.00256442 -0.00036045 0.03455012 0.99939961
1645868556.76575708 74.35612731 5.06897775 -0.77645515 0.00464222 -0.00039720 0.02861665 0.99957960
1645868557.51008010 74.90312361 5.13262907 -0.76885793 0.00212938 -0.00018264 0.02371016 0.99971659
1645868558.26697803 75.42719476 5.16406339 -0.77868586 0.00210461 0.00064986 0.02419076 0.99970493
1645868559.10081196 75.93446689 5.19392292 -0.82491425 0.00189480 0.00185571 0.02803418 0.99960345
1645868560.17653108 76.45594955 5.25375797 -0.93174534 0.00003233 0.00224579 0.00305735 0.99999280
1645868561.43486905 76.96653521 5.26082802 -0.94625979 -0.00125490 0.00149878 -0.01665522 0.99985938
1645868562.76964498 77.32645892 5.15006060 -1.33376241 0.00237002 -0.00284883 -0.01719169 0.99984534
1645868563.84332895 77.65780139 5.08597245 -1.74325201 0.00428335 -0.00739064 0.01700234 0.99981896
1645868565.93668509 78.16742475 5.11979454 -1.71765849 0.00654478 -0.00787523 0.01502657 0.99983466
1645868567.93777490 78.67481318 5.15669449 -1.72686070 0.00403391 -0.00927022 0.01573017 0.99982516
1645868569.10128498 79.22261721 5.18797733 -1.74605129 0.00443425 -0.00815899 0.01395574 0.99985949
1645868569.93446112 79.76269353 5.22102986 -1.75969164 0.00620724 -0.00714145 0.02576175 0.99962333
1645868570.67673302 80.27404475 5.25630922 -1.75954870 0.00710160 -0.00584666 0.03369496 0.99938983
1645868571.43531394 80.80331583 5.30353527 -1.73038065 0.00883371 -0.00390141 0.03697452 0.99926955
1645868572.18109894 81.35267832 5.36162929 -1.76342021 0.00776181 -0.00319795 0.03067789 0.99949407
1645868572.93708897 81.85920828 5.40425334 -1.79632224 0.00660921 -0.00255066 0.02669111 0.99961863
1645868573.77301598 82.39817534 5.44910403 -1.81781890 0.00561784 -0.00198494 0.02126950 0.99975602
1645868574.67848611 82.91651654 5.47760336 -1.85691929 0.00369784 -0.00250488 0.02158590 0.99975702
1645868575.61281204 83.43612521 5.51699785 -1.86188082 0.00405282 -0.00074898 0.03480465 0.99938564
1645868576.67806005 83.97309013 5.55117724 -1.85733315 0.00478866 0.00047134 0.04296120 0.99906515
1645868577.67972398 84.49482823 5.59969376 -1.88458172 0.00535742 0.00176406 0.05509738 0.99846505
1645868578.77566600 84.99198487 5.65087078 -1.89449939 0.00704397 0.00284928 0.08018118 0.99675134
1645868580.01261806 85.48059957 5.72771228 -1.95068813 0.00646086 0.00401067 0.11388103 0.99346529
1645868581.17816305 85.98348781 5.86309902 -1.98376349 0.00592201 0.00538323 0.14934868 0.98875220
1645868582.51223803 86.48375101 6.02802711 -1.99929674 0.00812592 0.00719267 0.20539520 0.97861895
1645868583.94513798 86.97539046 6.22602493 -2.00641654 0.00736016 0.00835597 0.22960719 0.97321968
1645868585.17419195 87.42530728 6.45786932 -2.02202772 0.00630350 0.00920134 0.25729074 0.96626967
1645868586.33907509 87.87670570 6.73283784 -2.03796815 0.00546812 0.00998605 0.28198074 0.95935251
1645868587.50199509 88.32544248 7.00750870 -2.09457837 0.00782727 0.01019615 0.32623019 0.94520296
1645868588.60427403 88.74626899 7.31838628 -2.08500549 0.00566098 0.01196139 0.38865848 0.92128685
1645868590.10861897 89.11983322 7.67026316 -2.12885651 0.00841085 0.01218483 0.45852389 0.88855874
1645868591.50496101 89.39972002 8.08589184 -2.13826915 0.01196322 0.01276619 0.51808001 0.85515321
1645868593.62619591 89.63138183 8.53937490 -2.15813266 0.01339617 0.01096066 0.58353853 0.81190097
1645868595.13170409 89.78550467 9.03790490 -2.17119819 0.01557968 0.01168497 0.63986222 0.76824285
1645868596.29999208 89.85880937 9.55226776 -2.20267503 0.01595176 0.01022404 0.65865283 0.75220839
1645868597.34764791 89.89734578 10.06232604 -2.22195317 0.01613611 0.00898281 0.66054379 0.75056035
1645868598.67965889 89.96500309 10.56156004 -2.26745568 0.01633517 0.00763367 0.69456923 0.71919988
1645868599.97293091 89.95896868 11.09106553 -2.27925531 0.01502447 0.00712969 0.69449248 0.71930774
1645868601.01216507 89.95969714 11.61786465 -2.31003366 0.01480113 0.00647028 0.70354176 0.71047030
1645868601.96955895 89.95043247 12.13536308 -2.32335630 0.01423019 0.00547258 0.69721575 0.71669920
1645868603.17863011 89.96378295 12.64724538 -2.31255073 0.01432755 0.00637434 0.69669603 0.71719505
1645868604.51101589 89.95343731 13.17406692 -2.31351443 0.01476245 0.00803384 0.71769775 0.69615190
1645868605.67566204 89.91131946 13.70587889 -2.31751773 0.01631215 0.01045431 0.75265228 0.65813309
1645868606.78484297 89.81872141 14.23864135 -2.31294364 0.01612310 0.01113430 0.76384735 0.64509945
1645868607.83984494 89.72860551 14.75766178 -2.32048088 0.01561148 0.01135536 0.75584579 0.65446504
1645868609.00745392 89.62852253 15.27030035 -2.29840071 0.01485023 0.01103080 0.74602164 0.66566470
1645868610.28483009 89.57586854 15.79787895 -2.27370501 0.01334231 0.01072809 0.73528694 0.67753967
1645868611.34036207 89.50687919 16.29956519 -2.29090166 0.01391031 0.01098326 0.73151123 0.68159900
1645868612.62894392 89.45275851 16.82125231 -2.34311770 0.01542627 0.01352864 0.72425766 0.68922409
1645868613.67518806 89.41702788 17.34019255 -2.37130277 0.01576186 0.01404016 0.72105802 0.69255308
1645868614.67429709 89.38804053 17.85757911 -2.38669912 0.01620534 0.01459489 0.71833853 0.69535181
1645868615.62998390 89.37603850 18.36233025 -2.40372812 0.01644447 0.01472037 0.71908874 0.69456769
1645868616.50868297 89.36848885 18.87587147 -2.40421649 0.01646917 0.01519450 0.71625390 0.69747992
1645868617.63456893 89.33502605 19.39082019 -2.41144398 0.01638691 0.01622096 0.71939970 0.69421352
1645868618.67542005 89.30022771 19.92296354 -2.43435810 0.01652895 0.01590960 0.72162878 0.69189998
1645868619.80191398 89.27431069 20.44694979 -2.43613660 0.01643604 0.01615706 0.72057833 0.69299039
1645868620.84866309 89.24624133 20.97857064 -2.44787327 0.01717655 0.01688429 0.72164949 0.69183951
1645868622.00912690 89.19664889 21.49391674 -2.48928119 0.01828822 0.01682622 0.72822074 0.68489194
1645868623.17434311 89.13506157 22.00490350 -2.51623718 0.01879895 0.01679382 0.73513357 0.67745347
1645868624.30118489 89.08609087 22.53874261 -2.54073807 0.01952596 0.01737758 0.73945413 0.67269929
1645868625.34175491 89.02321549 23.06153970 -2.54455519 0.01993420 0.01812718 0.73935200 0.67277979
1645868626.96561289 88.97913759 23.56274023 -2.57125477 0.02036463 0.01861246 0.76621041 0.64199724
1645868629.17262602 88.93517585 24.06706438 -2.52212687 0.02502186 0.02372852 0.81642120 0.57642631
1645868631.49961305 88.79537421 24.55276155 -2.47035481 0.02472627 0.02488872 0.87483918 0.48314136
1645868633.76993704 88.52897843 24.98876598 -2.45634171 0.02700172 0.02812380 0.91650569 0.39811717
1645868635.76881003 88.15789783 25.34580748 -2.49679487 0.02638894 0.02737517 0.94750912 0.31745976
1645868637.50292802 87.74002845 25.64545627 -2.52796163 0.02623116 0.02659873 0.97256440 0.22961471
1645868639.09751105 87.28068413 25.85949982 -2.48285114 0.02462003 0.02706539 0.99093160 0.12928993
1645868640.76250696 86.77049392 25.97425007 -2.47598263 0.02503964 0.02814630 0.99891329 0.02744152
1645868642.09614110 86.23993802 25.99711010 -2.52983634 0.02542541 0.02668336 0.99899873 -0.02535904
1645868643.09742808 85.71937855 25.97073250 -2.59537848 0.02588977 0.02255362 0.99936671 -0.00934006
1645868644.00408912 85.21413921 25.94091859 -2.58730953 0.02507707 0.02118770 0.99945276 -0.00404938
1645868644.83824492 84.70813353 25.92380711 -2.56581679 0.02450755 0.01926748 0.99948273 -0.00790031
1645868645.67178106 84.17225737 25.89151462 -2.58693149 0.02435121 0.01810044 0.99940410 -0.01645695
1645868646.50236011 83.62551684 25.84228311 -2.59470245 0.02470164 0.01644819 0.99921520 -0.02623495
1645868647.26237392 83.09832060 25.80573695 -2.57730011 0.02428774 0.01637289 0.99922943 -0.02612609
1645868648.00251889 82.55064027 25.76121317 -2.58863017 0.02474513 0.01503638 0.99930205 -0.02360062
1645868648.76095510 81.99188607 25.69597266 -2.57701903 0.02465756 0.01259181 0.99950762 -0.01476404
1645868649.50422692 81.43131064 25.67559296 -2.57681539 0.02484156 0.01186409 0.99959077 -0.00777345
1645868650.27018094 80.87258959 25.64579929 -2.57358940 0.02485736 0.01114953 0.99962816 -0.00115397
1645868651.00472212 80.32229491 25.62091637 -2.55704922 0.02438069 0.00904991 0.99965755 -0.00290946
1645868651.67445588 79.81675709 25.59208799 -2.56337081 0.02501534 0.00871366 0.99957984 -0.01176649
1645868652.34040308 79.31470088 25.55003040 -2.56224054 0.02531387 0.00833552 0.99959259 -0.01021707
1645868653.00623107 78.78416261 25.52134562 -2.56461696 0.02550372 0.00811894 0.99964032 -0.00169617
1645868653.67333603 78.26265643 25.50180258 -2.56217335 0.02569649 0.00677041 0.99962995 0.00581426
1645868654.33780909 77.74008444 25.47398043 -2.54118310 0.02565770 0.00632780 0.99962459 0.00723355
1645868655.00668907 77.20940872 25.45857801 -2.54355380 0.02604562 0.00629345 0.99963353 0.00385095
1645868655.67292404 76.68035485 25.43926915 -2.52744739 0.02601506 0.00636984 0.99964098 0.00073700
1645868656.33789802 76.15186069 25.40332610 -2.52335966 0.02620047 0.00639282 0.99963568 0.00108137
1645868657.00561190 75.61645955 25.36790115 -2.52568852 0.02653625 0.00646959 0.99960631 0.00641805
1645868657.67103410 75.07496660 25.34198052 -2.51739549 0.02689630 0.00639300 0.99940321 0.02071086
1645868658.33567190 74.53521736 25.33134237 -2.51250747 0.02734636 0.00602188 0.99916747 0.02966952
1645868659.09807992 73.97979872 25.33089988 -2.51039292 0.02734517 0.00576640 0.99924867 0.02685305
1645868659.83737493 73.44853610 25.32986783 -2.50006820 0.02738272 0.00640285 0.99947770 0.01592253
1645868660.59856701 72.91524041 25.31735608 -2.49626214 0.02800186 0.00691485 0.99953334 0.01005909
1645868661.33725691 72.36933916 25.30674452 -2.48459354 0.02829931 0.00701260 0.99949822 0.01238094
1645868662.09874701 71.82469159 25.30635219 -2.47969486 0.02867182 0.00672126 0.99937264 0.01967435
1645868662.83848310 71.29301883 25.30678212 -2.47271773 0.02894931 0.00630862 0.99927468 0.02392177
1645868663.59456706 70.74843941 25.30753637 -2.44850834 0.02890261 0.00684135 0.99923802 0.02532230
1645868664.42987204 70.20129634 25.31661413 -2.43695405 0.02903312 0.00744928 0.99935858 0.01959617
1645868665.26351690 69.66127933 25.31581369 -2.42615346 0.02926512 0.00795423 0.99943206 0.01469143
1645868666.09860396 69.13498704 25.31902690 -2.40660045 0.02944309 0.00901175 0.99949471 0.00788829
1645868666.94013906 68.59560787 25.31866791 -2.40483341 0.03024887 0.00902219 0.99945529 -0.00962972
1645868667.83813095 68.05629224 25.28688300 -2.41145484 0.03090471 0.00890922 0.99928902 -0.01967203
1645868668.77201295 67.51495913 25.24842709 -2.39236759 0.03146469 0.00917812 0.99926114 -0.02007261
1645868669.67311311 67.01246897 25.22575595 -2.37717753 0.03123612 0.00921769 0.99898988 -0.03096066
1645868670.60562706 66.49712608 25.17218667 -2.36334680 0.03126820 0.01011235 0.99848425 -0.04415031
1645868671.61713910 65.96149269 25.08779185 -2.34767770 0.03120980 0.01077546 0.99758139 -0.06116546
1645868672.67418003 65.42755890 25.00570873 -2.33466435 0.03129393 0.01090530 0.99665175 -0.07474661
1645868674.00798512 64.91547114 24.91250776 -2.32012049 0.03106641 0.01114503 0.99492190 -0.09508456
1645868675.10301805 64.38764793 24.78689966 -2.31221909 0.03102486 0.01156363 0.99244225 -0.11816144
1645868676.00304890 63.88102163 24.65702297 -2.30399894 0.03074437 0.01198184 0.98882748 -0.14536656
1645868677.00411606 63.37539176 24.49879396 -2.31518653 0.03105184 0.01120935 0.98878816 -0.14563002
1645868677.93413711 62.86171386 24.32574126 -2.29137612 0.03082295 0.01168460 0.99511456 -0.09306142
1645868678.94024301 62.32852685 24.20876794 -2.30080291 0.03238038 0.01221581 0.99769836 -0.05831184
1645868679.77661490 61.82384444 24.13937413 -2.30310851 0.03260009 0.01361432 0.99898581 -0.02791494
1645868680.61300111 61.32226832 24.10480996 -2.29969304 0.03292689 0.01461307 0.99935064 -0.00076405
1645868682.00913405 60.80859622 24.10079160 -2.28128103 0.03265878 0.01641600 0.99924785 -0.01294789
1645868683.44901395 60.29513601 24.05113859 -2.29007828 0.03277160 0.01708615 0.99920924 -0.01466243
1645868684.62100291 59.77245692 24.02212478 -2.28424330 0.03276433 0.01688726 0.99930281 -0.00593355
1645868685.67481899 59.25092548 23.98518447 -2.27663430 0.03288214 0.01725255 0.99930672 -0.00268240
1645868686.78281593 58.71355992 23.96822539 -2.23602496 0.03154317 0.01778888 0.99932246 -0.00657259
1645868687.95688796 58.18618531 23.94458272 -2.22744764 0.03222465 0.01792316 0.99914773 -0.01855101
1645868689.00850010 57.67427434 23.91288551 -2.21564839 0.03291433 0.01796375 0.99909492 -0.02008231
1645868690.00707793 57.16786127 23.88650961 -2.19633158 0.03340250 0.01787466 0.99913043 -0.01741116
1645868691.28500605 56.65389996 23.86093366 -2.18003243 0.03372227 0.01783103 0.99921765 -0.01043833
1645868692.44822788 56.11890393 23.83846031 -2.17018835 0.03402017 0.01617816 0.99928816 -0.00201829
1645868693.45175004 55.58577527 23.82290048 -2.15150549 0.03493681 0.01816689 0.99920392 -0.00639543
1645868694.44558406 55.04107383 23.79080515 -2.12942505 0.03506516 0.01749025 0.99922997 -0.00199860
1645868695.50642896 54.51275530 23.76541883 -2.12467431 0.03542717 0.01585193 0.99924379 -0.00233938
1645868696.50410104 54.00162369 23.73637063 -2.10606549 0.03565130 0.01616894 0.99919568 -0.00869115
1645868697.45005202 53.48043352 23.69403964 -2.09829371 0.03601442 0.01512747 0.99922631 -0.00457270
1645868698.47289109 52.96999889 23.67303359 -2.08230919 0.03635449 0.01452122 0.99923340 -0.00032007
1645868700.95316505 52.44497657 23.64709770 -2.05735203 0.03587214 0.01532580 0.99923019 0.00416330
1645868702.50660610 51.92853632 23.61933064 -2.04341980 0.03682595 0.01406377 0.99867032 0.03322138
1645868703.78781700 51.41466015 23.61462789 -2.03432976 0.03748982 0.01407018 0.99819077 0.04485224
1645868705.62429094 50.91330663 23.64396487 -1.97670643 0.03725909 0.01659445 0.99898383 -0.01917533
1645868707.79041910 50.41233081 23.60012837 -1.92861828 0.03729342 0.01461295 0.99825466 -0.04339701
1645868709.17517591 49.91037613 23.54776510 -1.91685855 0.03782715 0.01204443 0.99916272 -0.00989481
1645868710.83962107 49.40005985 23.53473933 -1.89420655 0.03753699 0.01128012 0.99922419 -0.00384089
1645868712.45884800 48.87231078 23.51959658 -1.86256698 0.03696487 0.01148805 0.99916856 -0.01279910
1645868713.67340302 48.36434503 23.47199686 -1.83966856 0.03653193 0.01081614 0.99916582 0.01469985
1645868715.00582910 47.84415461 23.46805609 -1.83073230 0.03684326 0.00942919 0.99885562 0.02900197
1645868716.00193501 47.32224415 23.47028476 -1.81204057 0.03675837 0.00955995 0.99872886 0.03313736
1645868717.00875902 46.80077910 23.48291591 -1.80005605 0.03671580 0.00908880 0.99855861 0.03807941
1645868717.95348597 46.27975347 23.48362370 -1.77834491 0.03640521 0.00914771 0.99743176 0.06099884
1645868718.83553600 45.76170721 23.52186215 -1.76172570 0.03612272 0.00911829 0.99553834 0.08669152
1645868720.12124300 45.22026108 23.57766601 -1.74130464 0.03557591 0.00941655 0.99507819 0.09200584
1645868721.12040710 44.67465087 23.66602943 -1.71974646 0.03481367 0.00944417 0.99683972 0.07077704
1645868722.00186896 44.13726239 23.72564140 -1.70522139 0.03434280 0.00939969 0.99846732 0.04237024
1645868722.95459104 43.60849115 23.75134494 -1.69525153 0.03428846 0.00907896 0.99883513 0.03271490
1645868723.95602012 43.06374807 23.76208082 -1.67686779 0.03431981 0.00907480 0.99876394 0.03479069
1645868724.83630490 42.53397977 23.77454561 -1.65245444 0.03421388 0.00990488 0.99821594 0.04791913
1645868725.78676510 41.98782659 23.80404613 -1.63258779 0.03436997 0.01042308 0.99771301 0.05726096
1645868726.62111592 41.47664309 23.83360580 -1.61498544 0.03404094 0.01101219 0.99750250 0.06089913
1645868727.45360899 40.95676891 23.87946284 -1.60155392 0.03410864 0.01105269 0.99777288 0.05624697
1645868728.28909707 40.41558163 23.92236254 -1.58670435 0.03380113 0.01024396 0.99817579 0.04896565
1645868729.12023592 39.88939946 23.94377187 -1.57326670 0.03384524 0.01088153 0.99853930 0.04068598
1645868730.12458897 39.33933656 23.95796697 -1.56043357 0.03400071 0.01079506 0.99891224 0.03002936
1645868731.00184798 38.82311519 23.97335288 -1.54822022 0.03407414 0.01099755 0.99913995 0.02091317
1645868731.95491505 38.30281729 23.98533799 -1.53144645 0.03413401 0.01169885 0.99924612 0.01432440
1645868732.79521298 37.76012007 23.97508924 -1.51389692 0.03422640 0.01160092 0.99921721 0.01609141
1645868733.50317097 37.24524261 23.97363888 -1.50126970 0.03443732 0.01193255 0.99907880 0.02265476
1645868734.28838491 36.71180061 23.98485371 -1.48334382 0.03458975 0.01214380 0.99883001 0.03153854
1645868735.00489497 36.20897380 24.00450987 -1.47519407 0.03462517 0.01173742 0.99848100 0.04121918
1645868735.83565998 35.66341845 24.02376389 -1.46518264 0.03472471 0.01176950 0.99820991 0.04725099
1645868736.66886806 35.12076428 24.06418036 -1.44810267 0.03455416 0.01211637 0.99841756 0.04267994
1645868737.50132203 34.57566156 24.09581085 -1.43752812 0.03454649 0.01228443 0.99877142 0.03333578
1645868738.33326507 34.03233258 24.11428450 -1.43276916 0.03483610 0.01161211 0.99885218 0.03075582
1645868739.12189102 33.52496118 24.12748932 -1.41807154 0.03470929 0.01258424 0.99873258 0.03420714
1645868739.95690393 32.96457944 24.14140303 -1.40173456 0.03475259 0.01321146 0.99856316 0.03859191
1645868740.80850506 32.42574808 24.16596654 -1.38501364 0.03447565 0.01363676 0.99847869 0.04081388
1645868741.62989306 31.87004230 24.18422205 -1.37626074 0.03457687 0.01295460 0.99855235 0.03911291
1645868742.45247698 31.31669121 24.20728096 -1.35990759 0.03426830 0.01336234 0.99877537 0.03308920
1645868743.28702211 30.76943573 24.22664706 -1.35392058 0.03412058 0.01304150 0.99897707 0.02665537
1645868744.12186289 30.21012356 24.24356222 -1.33591252 0.03465516 0.01433439 0.99907469 0.02105491
1645868744.96263194 29.65871819 24.24276978 -1.32075638 0.03422115 0.01410374 0.99919027 0.01577357
1645868745.78411698 29.09662894 24.23739366 -1.30834675 0.03392391 0.01362978 0.99927302 0.01080915
1645868746.62114191 28.53963830 24.22465931 -1.30171663 0.03414971 0.01403610 0.99930555 0.00502069
1645868747.47110295 27.97866785 24.21008882 -1.28800416 0.03413065 0.01399616 0.99931341 0.00345279
1645868748.16499591 27.44370256 24.19258388 -1.27673904 0.03440496 0.01411123 0.99930573 -0.00228774
1645868748.94684505 26.90471665 24.16712386 -1.25070683 0.03442569 0.01443992 0.99928930 -0.00522161
1645868749.67086911 26.36959667 24.14515028 -1.23906055 0.03461046 0.01463290 0.99928988 -0.00278070
1645868750.45281291 25.85114892 24.12070812 -1.22437165 0.03486853 0.01461992 0.99928162 0.00258668
1645868751.33042002 25.33123349 24.10792374 -1.21338438 0.03487594 0.01433937 0.99927273 0.00566197
1645868752.27761793 24.81579903 24.09023847 -1.19764113 0.03525953 0.01469749 0.99926718 -0.00241925
1645868753.82926702 24.30564414 24.06737787 -1.18945733 0.03537997 0.01410509 0.99927421 0.00060116
1645868756.94021606 23.79247966 24.07871624 -1.08321277 0.03251839 0.01791559 0.99910268 0.02038194
1645868758.15971088 23.28035456 24.06829036 -1.06756046 0.03272530 0.01875687 0.99924811 0.00896961
1645868759.43380308 22.76682615 24.04237016 -1.05043681 0.03297968 0.01929055 0.99887108 -0.02822740
1645868760.43132305 22.26000476 23.99287761 -1.04604893 0.03340136 0.01875867 0.99866498 -0.03465125
1645868761.27060008 21.73316354 23.95148510 -1.01181069 0.03288800 0.01878627 0.99903260 -0.02234535
1645868761.99421191 21.18841596 23.92103740 -0.99915813 0.03347196 0.01839435 0.99916948 -0.01419972
1645868762.65796900 20.67898483 23.89730928 -0.98212963 0.03384309 0.01772449 0.99926824 -0.00186319
1645868763.42860889 20.15264331 23.88894086 -0.96921097 0.03437793 0.01740865 0.99923415 -0.00679733
1645868764.15757990 19.64266658 23.86806779 -0.95488428 0.03444018 0.01738783 0.99925502 -0.00096884
1645868764.92783904 19.13937512 23.85162552 -0.95579838 0.03464475 0.01657905 0.99924673 -0.00555356
1645868765.65511894 18.63488383 23.82527026 -0.94512687 0.03457125 0.01648419 0.99913237 -0.01635877
1645868766.42832589 18.10551520 23.79088160 -0.93666407 0.03514552 0.01604203 0.99918051 -0.01207311
1645868767.26285505 17.54496798 23.74953898 -0.90577751 0.03514729 0.01573790 0.99925724 0.00139871
1645868767.98957300 16.98903733 23.72684254 -0.89835156 0.03549001 0.01479424 0.99901434 0.02217953
1645868768.76206708 16.43104939 23.73562471 -0.89930552 0.03642123 0.01494937 0.99917348 0.01011815
1645868769.49082708 15.88545942 23.72811827 -0.87896779 0.03643712 0.01513929 0.99922100 -0.00072415
1645868770.15774298 15.35059870 23.70921566 -0.85372610 0.03598225 0.01539428 0.99919982 -0.00824685
1645868770.82606101 14.80042107 23.68360713 -0.83008338 0.03611457 0.01562921 0.99916797 -0.01071560
1645868771.48924804 14.24836905 23.65793370 -0.81416765 0.03568370 0.01580445 0.99911127 -0.01592396
1645868772.15672708 13.72143804 23.63357350 -0.79845324 0.03548688 0.01564476 0.99914929 -0.01402212
1645868772.82005000 13.20869075 23.60362568 -0.77771571 0.03483746 0.01588549 0.99925966 -0.00375928
1645868773.58370805 12.64679532 23.58810496 -0.75211762 0.03421009 0.01583019 0.99928916 -0.00049104
1645868774.42018199 12.10790225 23.58542550 -0.73195055 0.03387749 0.01611483 0.99929580 -0.00073023
1645868775.32177210 11.56526196 23.56594210 -0.72088811 0.03379888 0.01617783 0.99929769 0.00019035
1645868776.25368905 11.03230913 23.55230406 -0.69761912 0.03324298 0.01644423 0.99920284 0.01477087
1645868777.08602405 10.51506809 23.55561416 -0.67811982 0.03289052 0.01699149 0.99913521 0.01892990
1645868777.82040191 10.00311598 23.57246187 -0.65783743 0.03245338 0.01715554 0.99917623 0.01730115
1645868778.58751512 9.47973046 23.57173454 -0.64691387 0.03214585 0.01735379 0.99928267 0.00998209
1645868779.32191992 8.93957511 23.57467509 -0.62972932 0.03207716 0.01765741 0.99932940 0.00014022
1645868780.08466601 8.41096785 23.56380961 -0.62105882 0.03204261 0.01796784 0.99929814 -0.00732462
1645868780.91302109 7.85070391 23.54842843 -0.61566207 0.03229767 0.01809455 0.99921789 -0.01389479
1645868781.65244389 7.31524404 23.52692455 -0.59395943 0.03236620 0.01868447 0.99909887 -0.02011898
1645868782.41117311 6.79788568 23.49084122 -0.58521264 0.03239812 0.01845577 0.99877891 -0.03241057
1645868783.15185690 6.29299925 23.46178021 -0.59335213 0.03213127 0.01733759 0.99780284 -0.05528545
1645868783.98609400 5.76636304 23.39193797 -0.60729933 0.03293876 0.01775969 0.99549084 -0.08716433
1645868784.90934706 5.24945436 23.26628464 -0.57146999 0.03309702 0.01640524 0.99204041 -0.12037972
1645868785.81960607 4.74837216 23.11410454 -0.53796699 0.03150724 0.01752565 0.98761488 -0.15269904
1645868786.75212193 4.26071773 22.97992643 -0.33367180 0.03410745 0.00607553 0.98265129 -0.18219830
1645868787.74990392 3.78134780 22.79026973 -0.29622209 0.03368399 0.00661446 0.97719558 -0.20954819
1645868788.91685510 3.30662183 22.60272852 -0.27742886 0.03548632 0.00436608 0.97164069 -0.23374351
1645868789.98788810 2.83254467 22.34238026 -0.25521232 0.03496105 0.00502035 0.96513699 -0.25935134
1645868790.92129207 2.38530161 22.07299233 -0.23531215 0.03428192 0.00514125 0.95800475 -0.28464927
1645868791.91684294 1.95425079 21.77204878 -0.22674461 0.03376506 0.00566639 0.94882122 -0.31395239
1645868792.98557997 1.54223638 21.46895550 -0.20119971 0.03278947 0.00622064 0.93601582 -0.35037199
1645868794.15100694 1.15008438 21.13088577 -0.18407648 0.03178683 0.00674420 0.92070444 -0.38890546
1645868795.25812006 0.79144693 20.74690349 -0.22391069 0.03246350 0.00721112 0.89543595 -0.44394659
1645868796.26723099 0.48330491 20.31295027 -0.22000447 0.03084317 0.00823079 0.87228825 -0.48794893
1645868797.26264596 0.21320038 19.86673144 -0.20293065 0.03369414 0.00403236 0.86707690 -0.49701719
1645868798.26487803 -0.04675403 19.42468472 -0.18759646 0.03293382 0.00623595 0.86734014 -0.49658591
1645868799.26462293 -0.32193772 18.95296430 -0.17980773 -0.03202089 -0.00883831 -0.86429587 0.50188564
1645868800.26972699 -0.59219882 18.48720018 -0.14097335 -0.02903485 -0.01318404 -0.86455103 0.50153232
1645868801.31959105 -0.85241180 18.05423115 -0.09714907 -0.02469635 -0.01866124 -0.86068240 0.50820041
1645868802.59924507 -1.11567281 17.58532559 -0.06654035 -0.02412486 -0.02034508 -0.85519008 0.51735287
1645868803.59845591 -1.36392731 17.10430733 -0.04859053 -0.02322259 -0.02090032 -0.84972292 0.52630301
1645868804.48457909 -1.60362199 16.61862796 -0.04030298 -0.02293920 -0.02115864 -0.84607171 0.53215484
1645868805.42985392 -1.83990764 16.11736707 -0.02578241 -0.02195982 -0.02145853 -0.83954776 0.54241761
1645868806.15156102 -2.02378892 15.64858275 -0.11773334 -0.02738474 -0.01725886 -0.83447165 0.55009932
1645868806.98484111 -2.24127241 15.16387595 -0.11562206 -0.02853345 -0.01606446 -0.82901569 0.55826586
1645868807.93225598 -2.44410858 14.66518088 -0.12076425 -0.02903883 -0.01445660 -0.81910907 0.57271990
1645868808.76854300 -2.63772981 14.17593430 -0.10206340 -0.02822155 -0.01436501 -0.80699061 0.58971463
1645868809.60067105 -2.80171730 13.66237698 -0.09151328 -0.02729782 -0.01425715 -0.78699658 0.61618823
1645868810.43532991 -2.93316836 13.16701579 -0.08704576 -0.02711825 -0.01330376 -0.76404656 0.64445362
1645868811.26863599 -3.01290287 12.66453359 -0.08170175 -0.02652387 -0.01266755 -0.74273625 0.66893863
1645868812.15494394 -3.05897632 12.15139456 -0.06287921 -0.02529244 -0.01205336 -0.72023388 0.69316532
1645868813.10070491 -3.07831145 11.61667771 -0.04706618 -0.02366144 -0.01128782 -0.69893841 0.71470121
1645868813.93371296 -3.05905530 11.10691497 -0.04958733 -0.02463237 -0.01029314 -0.69347066 0.71999010
1645868814.65157390 -3.04927715 10.59406780 -0.04525546 -0.02533108 -0.00987756 -0.69854810 0.71504637
1645868815.48666596 -3.03788518 10.06444800 -0.04542390 -0.02536765 -0.00967866 -0.69763382 0.71593984
1645868816.31871796 -3.01999026 9.55514361 -0.03347698 -0.02469798 -0.00968238 -0.69557917 0.71795952
1645868817.26765490 -3.01032005 8.99664990 -0.03650036 -0.02452500 -0.00971873 -0.69474097 0.71877608
1645868818.10234308 -2.99467484 8.46335328 -0.03457206 -0.02329205 -0.01061642 -0.69036687 0.72300648
1645868818.98565102 -2.98436552 7.94847852 -0.01319685 -0.02050731 -0.01250465 -0.68544818 0.72772514
1645868819.93957090 -2.95495550 7.41594811 -0.00959397 -0.01995318 -0.01296888 -0.68590455 0.72730229
1645868820.78091097 -2.93505886 6.88171660 -0.00865598 -0.02022186 -0.01301404 -0.69272262 0.72080308
1645868821.48633194 -2.91446368 6.36712227 -0.00421606 -0.02061886 -0.01356039 -0.69285347 0.72065598
1645868822.31887007 -2.89846550 5.86191155 0.02324233 -0.02002547 -0.01380338 -0.69233691 0.72116437
1645868823.26681399 -2.89586585 5.34475930 0.04896347 -0.02044783 -0.01350489 -0.69130579 0.72214667
1645868824.48258400 -2.86927902 4.82139125 0.04007875 -0.02241255 -0.01303666 -0.68942739 0.72389060
1645868825.81785798 -2.84565620 4.30931166 0.04295643 -0.02319121 -0.01342961 -0.68250317 0.73039115
1645868827.09618306 -2.82987641 3.77185517 0.05032058 -0.02375011 -0.01362580 -0.66924530 0.74253687
1645868828.14854789 -2.78964609 3.24773535 0.06389058 -0.02178468 -0.01343536 -0.62371698 0.78123111
1645868829.31968188 -2.69692220 2.75599510 0.06812180 -0.02058866 -0.00995385 -0.55996834 0.82819834
1645868830.81518292 -2.54701093 2.26512448 0.12160405 -0.01365405 -0.01140564 -0.47435825 0.88015211
1645868832.31754899 -2.27009307 1.82806692 0.12762547 -0.00770645 -0.01300031 -0.39552273 0.91833184
1645868833.75828290 -1.93536137 1.42565359 0.10344564 -0.00173515 -0.01368571 -0.31798955 0.94799385
1645868835.15056396 -1.52397042 1.11312870 0.09640453 -0.00141142 -0.01022808 -0.24070471 0.97054348
1645868836.59126401 -1.06895356 0.84855388 0.08698624 -0.00018919 -0.00718307 -0.16881481 0.98562160
1645868837.75863695 -0.59047463 0.67777547 0.09389023 0.00057276 -0.00307206 -0.10605666 0.99435518
1645868839.15758991 -0.08158820 0.56858473 0.06336803 -0.00034084 0.00058249 -0.04208768 0.99911369
1645868840.42334604 0.41677845 0.52211569 0.07716482 0.00159048 0.00389893 0.00715287 0.99996555
1645868841.76292205 0.92485811 0.53355462 0.05301982 0.00039428 0.00663454 0.03550684 0.99934733
1645868849.32563496 1.44813033 0.54101031 0.01496498 -0.00285692 0.00676284 0.00036997 0.99997298
1645868850.32353210 1.94790215 0.55617295 -0.01052568 -0.00446936 0.00899074 0.00979137 0.99990166
1645868851.25449300 2.46179065 0.57104682 -0.03902069 -0.00700615 0.01029622 0.00336157 0.99991680
1645868852.16334605 2.96637168 0.57932560 -0.07287393 -0.00828707 0.01242999 0.00634336 0.99986828
1645868853.08396506 3.50160158 0.60360709 -0.10197960 -0.00907233 0.01320993 0.00608405 0.99985308
1645868854.10041189 4.02746780 0.63207692 -0.13939966 -0.01115063 0.01394310 -0.01555555 0.99971960
1645868854.98951292 4.55279728 0.61656954 -0.17410268 -0.01149065 0.01448992 -0.01800398 0.99966688
1645868855.82535100 5.07089773 0.60681074 -0.21443868 -0.01198425 0.01564920 -0.00754152 0.99977728
1645868856.65585899 5.58787872 0.61658260 -0.25312032 -0.01077420 0.01726255 0.01755618 0.99963879
1645868857.48860097 6.13471150 0.64614373 -0.30107980 -0.01021664 0.01840831 0.04067510 0.99895059
1645868858.32546091 6.63962740 0.70150100 -0.34502384 -0.00769885 0.01867420 0.05698633 0.99817061
1645868859.24560189 7.13756716 0.77415813 -0.38099027 -0.00753308 0.01956894 0.06946923 0.99736369
1645868860.32290411 7.63825176 0.87965248 -0.43711134 -0.01316295 0.02038147 0.07891629 0.99658595
1645868861.49152994 8.15161527 0.97397675 -0.48122508 -0.01351631 0.02057331 0.08249599 0.99628734
1645868862.91682911 8.64815032 1.08170461 -0.52117391 -0.01362962 0.02140091 0.08235059 0.99628039
