# timestamp tx ty tz qx qy qz qw
1645868413.63075089 -0.00000000 -0.00000000 0.00000000 0.00000000 0.00000000 0.00000000 1.00000000
1645868421.29097199 0.51677467 -0.03489811 -0.03077414 0.00208650 -0.00079703 0.03264662 0.99946446
1645868422.78883195 1.01658708 -0.00060540 -0.04180421 0.00337650 -0.00067667 0.06305935 0.99800384
1645868424.45601296 1.56301927 0.07452061 -0.05937384 0.00540747 -0.00038496 0.09368020 0.99558758
1645868426.36021090 2.08954404 0.19670940 -0.08139459 0.00642325 -0.00092197 0.11414785 0.99344258
1645868431.61562705 3.68320586 0.64653102 -0.16378129 0.00552785 -0.00027266 0.14548075 0.98934560
1645868432.94910693 4.17202338 0.81465282 -0.18196420 0.00513051 -0.00020331 0.15022224 0.98863892
1645868434.44982696 4.66391194 0.98726900 -0.19839438 0.00497460 -0.00011076 0.15392726 0.98806965
1645868435.94949102 5.16001744 1.14275889 -0.21146678 0.00494288 0.00004511 0.16016615 0.98707769
1645868437.44950604 5.67638998 1.34170876 -0.22835821 0.00461237 0.00041298 0.16691331 0.98596070
1645868438.85720491 6.15523898 1.52183455 -0.24895493 0.00467651 -0.00003428 0.16885355 0.98563006
1645868440.28555202 6.62972859 1.71296444 -0.26315069 0.00527473 0.00030586 0.17166075 0.98514195
1645868441.86138010 7.12953970 1.92310799 -0.29557228 0.00585645 -0.00081126 0.18190010 0.98329924
1645868443.28725410 7.63213739 2.12432757 -0.30678834 0.00726479 -0.00058244 0.18506894 0.98269852
1645868490.85933208 29.94617291 7.10307893 -1.22083962 -0.00100518 -0.00481571 0.00548665 0.99997285
1645868491.78926897 30.50445386 7.11275949 -1.23847685 -0.00099385 -0.00507825 -0.00798436 0.99995474
1645868492.95716310 31.19916876 7.09149894 -1.25824557 -0.00158398 -0.00527845 -0.01514659 0.99987010
1645868494.02014089 31.82596158 7.08385168 -1.27717279 -0.00061266 -0.00503386 -0.00134711 0.99998624
1645868495.02154994 32.38349750 7.09610760 -1.29308883 -0.00053309 -0.00452756 0.00203121 0.99998755
1645868496.02013803 32.94171444 7.11408822 -1.31528796 0.00012178 -0.00510780 0.00137097 0.99998601
1645868497.78817296 33.84805158 7.11558280 -1.34047149 0.00161483 -0.00566818 0.01904836 0.99980119
1645868498.78603792 34.53878804 7.15627571 -1.37771877 0.00239171 -0.00491870 0.04376210 0.99902701
1645868500.35065603 35.59107018 7.28477655 -1.10504026 0.00091250 -0.00191635 0.02252017 0.99974414
1645868501.35421991 36.15080309 7.31329506 -1.10297668 -0.00039408 -0.00158791 0.01433213 0.99989595
1645868502.11632705 36.49481338 7.36050856 -0.70429721 0.00056353 0.00209767 0.01968826 0.99980381
1645868503.28832102 37.19685996 7.39590821 -0.80586710 -0.00008566 0.00072798 0.01678253 0.99985889
1645868509.02001190 40.65235216 7.49267007 -0.89834342 -0.00023566 0.00112270 0.00172137 0.99999786
1645868509.78011990 41.19895093 7.47829277 -0.91826674 0.00048185 0.00179641 0.00510138 0.99998526
1645868510.45742202 41.70519855 7.48304649 -0.94933303 0.00271261 0.00135192 0.00651918 0.99997416
1645868511.44701695 42.45453841 7.49474035 -0.99518401 0.00419813 0.00136780 -0.00073165 0.99998998
1645868512.12797189 42.96591409 7.50284848 -1.01805692 0.00363590 0.00090513 -0.01689907 0.99985018
1645868513.28459191 43.79245830 7.48538849 -1.05815041 0.00455841 0.00051660 -0.01334991 0.99990036
1645868513.94879293 44.32539303 7.50460648 -1.08334164 0.00479095 0.00080689 -0.00255732 0.99998493
1645868514.61727405 44.83886866 7.52513256 -1.11903539 0.00599760 0.00049381 -0.01631748 0.99984875
1645868515.28447795 45.37781349 7.52639603 -1.14593170 0.00640105 -0.00019408 -0.03381002 0.99940776
1645868515.85619593 45.88396868 7.50601842 -1.16259803 0.00526899 -0.00005775 -0.05042107 0.99871415
1645868516.51905107 46.43681066 7.46930701 -1.17309340 0.00410059 -0.00002025 -0.06695840 0.99774734
1645868519.11965299 48.60015170 7.11889729 -1.28999209 0.00481263 0.00146509 -0.11088252 0.99382079
1645868522.51976895 50.93627746 6.63889600 -1.44609293 0.00603139 0.00146530 -0.09670428 0.99529380
1645868523.61337590 51.58673893 6.51098013 -1.48091180 0.00787377 0.00172351 -0.05277263 0.99857402
1645868525.51419091 52.91586229 6.39151757 -1.54200287 0.00670556 0.00238521 -0.03765161 0.99926558
1645868538.67696905 64.49700733 5.65031830 -1.99638452 0.03077337 -0.00118114 0.02734815 0.99915148
1645868539.60369611 65.04005497 5.67247277 -2.01481096 0.03214644 -0.00154200 0.06040642 0.99765490
1645868540.43950510 65.54918913 5.74476075 -2.02862164 0.03241846 -0.00141333 0.06745830 0.99719428
1645868550.43289590 72.89793191 6.28802301 -2.26013958 0.03126698 0.00019203 0.03913774 0.99874450
1645868551.10106897 73.41632781 6.33364272 -2.28153734 0.03127267 0.00003333 0.04350879 0.99856347
1645868551.76491499 73.92261790 6.37536175 -2.28988147 0.03599450 0.00211327 0.03414611 0.99876623
1645868552.43254709 74.44276219 6.42800623 -2.30320909 0.03615282 0.00288659 0.01981487 0.99914564
1645868553.17721701 74.98531401 6.46849466 -2.32485452 0.03392248 0.00256115 0.00946864 0.99937633
1645868553.93135691 75.51589938 6.47995806 -2.34566280 0.03426340 0.00232888 0.01917716 0.99922612
1645868554.76686692 76.12226316 6.51026347 -2.37223014 0.03570076 0.00221491 0.03493138 0.99874939
1645868555.50967407 76.67578565 6.56108652 -2.39731042 0.03595051 0.00146117 0.04531736 0.99832448
1645868556.26516509 77.22228466 6.61722956 -2.42170402 0.03459181 0.00059207 0.04701637 0.99829480
1645868560.93260193 80.04527654 6.91970657 -2.63088528 0.02378757 -0.00887259 0.00228547 0.99967505
1645868562.50985599 80.53078031 6.90954041 -2.80481801 0.02629867 -0.00939751 -0.01082574 0.99955133
1645868564.10287189 81.03246596 6.89597081 -3.00242076 0.02733126 -0.00788437 0.03033731 0.99913487
1645868566.27339911 81.53590883 6.93376550 -2.97782192 0.03005298 -0.00723267 0.02620080 0.99917868
1645868568.26929593 82.03778186 6.98970286 -2.98016836 0.02665200 -0.01065831 0.02422327 0.99929440
1645868573.34581995 85.42208837 7.30778461 -3.02396773 0.02677694 -0.01130533 0.03494204 0.99896659
1645868574.26929998 85.95922149 7.36413275 -3.04093672 0.02496413 -0.01255617 0.02979194 0.99916544
1645868575.27337503 86.52503982 7.43214923 -3.06080708 0.02383794 -0.01397275 0.03669833 0.99894432
1645868581.94359589 89.55321409 7.91505582 -3.10422426 0.02323436 -0.01325760 0.19169385 0.98109014
1645868583.27913404 90.04428596 8.11393592 -3.10430303 0.02471509 -0.01344537 0.22435735 0.97410070
1645868584.61049795 90.51940130 8.36074367 -3.08383352 0.02385455 -0.01278021 0.25013618 0.96783238
1645868589.16746807 89.26105014 11.19979369 -2.71541267 0.03798138 0.02945948 0.18174574 0.98217007
1645868592.95437908 90.36491801 11.68167461 -2.78408661 0.05197899 0.02772020 0.33853996 0.93910621
1645868603.96463704 92.60519360 15.37264281 -2.89420819 0.05026471 0.01798023 0.46498939 0.88370529
1645868654.76497507 86.20808096 45.14538943 -0.78361009 0.07266889 -0.01635479 0.77700368 0.62507363
1645868655.60171294 86.05100647 45.79319401 -0.72034349 0.07245111 -0.01650507 0.77891212 0.62271529
1645868656.26531601 85.90920816 46.29576775 -0.66809156 0.07247266 -0.01617853 0.77937853 0.62213751
1645868657.00561190 85.73855894 46.86961356 -0.60723782 0.07231426 -0.01615449 0.77614157 0.62619002
1645868657.76387000 85.58416347 47.45686879 -0.54793752 0.07237377 -0.01596139 0.76592229 0.63864726
1645868658.42779398 85.46770713 47.97391187 -0.49726412 0.07233881 -0.01575625 0.76138043 0.64406418
1645868659.17114592 85.35726185 48.50384122 -0.44905890 0.07207178 -0.01599022 0.76379721 0.64122055
1645868671.93636990 83.34778417 56.32093755 0.29347823 0.07189633 -0.01986396 0.82112780 0.56584934
1645868673.00779605 83.14654422 56.83500191 0.35267373 0.07327238 -0.01901058 0.82851483 0.55482693
1645868674.67262697 82.87984461 57.41643745 0.43000211 0.07301650 -0.01984024 0.84378220 0.53132529
1645868675.59729409 82.64584702 57.87081753 0.49118955 0.07293168 -0.02005380 0.85764330 0.50865193
1645868677.09759498 82.20111309 58.57166742 0.58382661 0.07280429 -0.02196354 0.86193525 0.50128312
1645868680.17429209 84.33789740 63.72941221 0.89757286 0.07522176 -0.03721191 0.90101732 0.42558752
1645868681.78092194 83.88082640 64.23305160 0.96800422 0.07535480 -0.03619435 0.89937829 0.42910409
1645868683.28500891 83.52080111 64.60307088 1.02259793 0.07424572 -0.03743893 0.90296196 0.42159886
1645868684.45271993 83.17522701 64.98058747 1.09938498 0.07451484 -0.03649084 0.89921692 0.42956361
1645868687.28607512 82.31900811 65.99902937 1.28283851 0.07429367 -0.03394781 0.90188776 0.42417741
1645868688.51072502 81.95721776 66.41267441 1.34444756 0.07371370 -0.03492404 0.90454384 0.41850572
1645868696.11430812 79.57560221 69.19747571 1.80398689 0.07357849 -0.03386900 0.89828721 0.43187868
1645868697.11729789 79.23015856 69.61096653 1.86659367 0.07346376 -0.03415050 0.89919884 0.42997473
1645868698.00753689 78.90149178 69.99277009 1.92743474 0.07319954 -0.03432264 0.89917888 0.43004782
1645868699.47160292 78.57173128 70.38868142 1.98107140 0.07275416 -0.03466991 0.89604216 0.43659280
1645868702.12534404 78.22130420 70.83765029 2.04576133 0.07346059 -0.03473965 0.88741563 0.45375125
1645868704.14393592 77.72223144 71.45309785 2.14993475 0.07475871 -0.03434781 0.87902235 0.46962866
1645868763.59652901 55.52321124 99.85841923 6.80578310 0.07953088 -0.02737628 0.89975329 0.42821653
1645868764.59234190 55.09487109 100.36284231 6.88568352 0.07946809 -0.02750996 0.89893523 0.42993427
1645868765.42716289 54.73433616 100.78801539 6.95659291 0.07905399 -0.02814692 0.90363581 0.42000064
1645868766.76337290 54.12726358 101.45318332 7.06812532 0.07938695 -0.02845636 0.90230011 0.42277945
1645868775.65529203 46.74500728 109.78432177 8.43038207 0.08442375 -0.04396526 0.89662553 0.43243767
1645868789.15398693 40.08109879 116.00016239 9.71822396 0.07535297 -0.04874217 0.97830320 0.18673238
1645868790.26072311 39.56188927 116.19245057 9.79243886 0.07350459 -0.04906732 0.98306944 0.16051155
1645868791.15330100 39.07740412 116.35569919 9.85437230 0.07177021 -0.04969061 0.98744139 0.13167910
1645868792.25711203 38.53307479 116.48327153 9.91036201 0.07064586 -0.05001068 0.99161426 0.09596484
1645868793.75384307 37.88326041 116.60383390 9.95419311 0.06959487 -0.05018022 0.99528219 0.04529747
1645868794.81719398 37.37491892 116.65471054 9.99545260 0.06673977 -0.04946771 0.99647733 -0.01147541
1645868807.10228395 31.00972801 115.30958388 10.48760526 0.05514502 -0.04251446 0.98310799 -0.16926377
1645868808.10278606 30.46909575 115.10788344 10.49263312 0.05369182 -0.04587041 0.97936741 -0.18934775
1645868832.64929509 21.00875157 106.41215629 10.36642821 -0.00266930 0.03827975 -0.72418191 0.68854055
1645868834.08777809 20.95562271 105.89075640 10.31769862 0.00482024 0.03519122 -0.66611770 0.74500037
1645868835.81680608 21.02322540 105.27148942 10.27850116 0.01343324 0.03348415 -0.59180776 0.80527134
1645868837.65582705 21.25322171 104.58515085 10.20481748 0.02036988 0.03214979 -0.50944503 0.85966111
1645868840.10477710 21.64459068 103.83152155 10.11193055 0.02628674 0.03124135 -0.41356843 0.90955711
1645868841.58797789 22.04390449 103.38620604 10.04224720 0.02929512 0.03022847 -0.38028211 0.92391209
1645868849.09701800 22.37592711 103.00138443 10.01690672 0.02963696 0.02972952 -0.41176397 0.91032315
1645868858.32546091 26.04936934 99.20813208 9.38766140 0.03441803 0.02813104 -0.35817726 0.93259482
1645868859.24560189 26.42760239 98.88291058 9.33112181 0.03579026 0.02744611 -0.34615901 0.93709109
1645868860.32290411 26.82147609 98.57285924 9.28155034 0.03629466 0.02783143 -0.33749714 0.94021476
1645868862.74648690 27.60932236 97.99657329 9.16607286 0.03643885 0.02839180 -0.33407641 0.94141334
