# timestamp tx ty tz qx qy qz qw
1645868413.52851009 0.00000000 0.00000000 -0.00000000 0.00000000 0.00000000 0.00000000 1.00000000
1645868421.29097199 0.49570949 -0.05478063 -0.04450380 0.00085870 -0.00105085 0.03282837 0.99946008
1645868422.85917091 1.01382010 -0.00624398 -0.05601895 0.00140520 -0.00095237 0.06384727 0.99795824
1645868424.45601296 1.52460464 0.07009635 -0.07093524 0.00421953 -0.00098444 0.09336401 0.99562261
1645868426.28058100 2.03827411 0.17288243 -0.07836723 0.00508649 -0.00058696 0.11335183 0.99354172
1645868427.85988998 2.52513524 0.28306258 -0.14881522 -0.00241529 -0.00043751 0.12798452 0.99177313
1645868429.85609508 3.03171853 0.40793772 -0.17285187 -0.00114936 -0.00017024 0.14074754 0.99004484
1645868431.35826302 3.51338921 0.59351916 -0.19206480 -0.00100721 0.00012844 0.14523496 0.98939667
1645868432.78279901 4.00268470 0.73160597 -0.21481853 -0.00104479 0.00024184 0.15070294 0.98857851
1645868434.28204989 4.49400670 0.91770295 -0.23644821 -0.00177479 0.00025518 0.15411692 0.98805099
1645868435.85758591 4.97646754 1.09127868 -0.25668879 -0.00203386 0.00021562 0.16010046 0.98709861
1645868437.28197002 5.45859816 1.25182620 -0.26686872 -0.00100969 0.00059528 0.16681922 0.98598680
1645868438.69272494 5.93888388 1.43355662 -0.29592665 -0.00076829 0.00018028 0.16862437 0.98568007
1645868440.12009192 6.42297409 1.61730620 -0.31260838 0.00002453 0.00053465 0.17159313 0.98516776
1645868441.52363491 6.89368988 1.79786820 -0.29855168 0.00165686 0.00098630 0.18160584 0.98336951
1645868442.85932803 7.36060818 2.01173565 -0.30333272 0.00173293 0.00119187 0.18548701 0.98264447
1645868444.28711390 7.85008147 2.20154929 -0.25309351 0.00306715 0.00362149 0.18360009 0.98298956
1645868445.45502210 8.31876407 2.36796684 -0.31551097 0.00252138 0.00323263 0.18052790 0.98356132
1645868446.69541693 8.79270637 2.54419101 -0.35001936 0.00142036 0.00290967 0.17581845 0.98441728
1645868447.86096001 9.27764071 2.74971771 -0.46503412 -0.00482422 -0.00159646 0.17050381 0.98534391
1645868449.19650888 9.83456576 2.96032019 -0.49179570 -0.00481911 -0.00186947 0.16653050 0.98602275
1645868450.36297798 10.31429837 3.12786934 -0.50297287 -0.00440131 -0.00183721 0.17391830 0.98474854
1645868451.52509999 10.80770821 3.30198698 -0.50999195 -0.00363656 -0.00112466 0.19418043 0.98095845
1645868452.86653209 11.27702615 3.52038486 -0.53413139 -0.00336655 0.00000178 0.21600026 0.97638750
1645868454.30240512 11.72506209 3.73549237 -0.60955782 -0.00434777 -0.00000119 0.23150020 0.97282514
1645868462.64194298 14.42699525 5.27939741 -0.70710478 -0.00481184 0.00221336 0.18692526 0.98235986
1645868464.19528008 14.97297912 5.52880345 -0.74933880 -0.00498220 0.00122588 0.16678631 0.98597972
1645868465.46985793 15.46673500 5.75001521 -0.81733724 -0.00458882 0.00101500 0.14757570 0.98903960
1645868471.35698795 17.63629453 6.51644639 -0.97539370 -0.00012967 -0.00145522 0.10758080 0.99419527
1645868477.35360003 20.30616252 6.97175117 -1.03496634 -0.00862090 -0.00420962 -0.01290533 0.99987070
1645868478.61282110 20.83458842 7.02625695 -1.04242923 -0.01026792 -0.00554339 -0.03400719 0.99935347
1645868479.61578894 21.35516163 7.01936195 -1.05268706 -0.00938506 -0.00534418 -0.03601031 0.99929306
1645868480.62399793 21.95820433 7.02159675 -1.06912179 -0.00681883 -0.00331872 -0.01203699 0.99989880
1645868481.45063305 22.46352644 7.01433234 -1.00479467 -0.00806454 -0.00157857 -0.04083483 0.99913212
1645868482.28124189 22.99970690 6.98817472 -1.01129746 -0.00948941 -0.00147610 -0.05807374 0.99826610
1645868483.02371907 23.53678120 6.93195185 -1.04788162 -0.00706129 -0.00072940 -0.04872799 0.99878686
1645868488.35504198 27.04291370 6.90924903 -1.14741845 -0.00876104 -0.00040479 -0.02077590 0.99974569
1645868489.18653893 27.57939107 6.91025876 -1.11825274 -0.01165022 0.00018664 -0.02978367 0.99948845
1645868490.11961508 28.10934272 6.89009097 -1.14131843 -0.01102147 0.00034475 -0.02725425 0.99956771
1645868491.28799105 28.70337816 6.89027360 -1.17608934 -0.01203426 0.00004017 -0.03112913 0.99944292
1645868492.12462711 29.20684783 6.85116091 -1.19688937 -0.01249141 -0.00016912 -0.04115501 0.99907467
1645868493.02164888 29.73228449 6.78652004 -1.21448759 -0.01152824 -0.00024213 -0.04461825 0.99893756
1645868495.12480307 30.87878124 6.71291899 -1.23176349 -0.01040390 0.00069127 -0.02684336 0.99958527
1645868502.62300396 35.12302149 6.47689755 -1.27515993 -0.01087442 0.00530632 -0.00041458 0.99992671
1645868503.69281507 35.87295514 6.48390099 -1.38970187 -0.01247657 0.00323824 -0.01332193 0.99982817
1645868504.62411904 36.39138515 6.46684903 -1.40090983 -0.01280261 0.00302141 -0.02509650 0.99959848
1645868512.02192712 41.20532889 6.32918418 -1.82648067 -0.00763302 0.00027196 -0.04068765 0.99914272
1645868512.95025611 41.84789294 6.29655757 -1.94004064 -0.00379985 -0.00146450 -0.04832058 0.99882358
1645868513.68637705 42.40562278 6.27509771 -1.92374323 -0.00411434 -0.00116037 -0.03196977 0.99947969
1645868514.85446000 43.31231159 6.27352925 -1.97831022 -0.00546741 -0.00151043 -0.05088787 0.99868827
1645868515.85619593 44.14635384 6.20230044 -2.06324894 -0.00835663 -0.00220598 -0.07642656 0.99703775
1645868516.61843896 44.76780032 6.12961623 -2.08524265 -0.00730623 -0.00281675 -0.09640383 0.99531150
1645868517.35190511 45.39009584 6.01590444 -2.12030651 -0.00780400 -0.00160302 -0.11641157 0.99316911
1645868518.01784301 45.91111812 5.89900561 -2.13334068 -0.00856963 -0.00190086 -0.13426243 0.99090693
1645868518.62184691 46.39793712 5.78051814 -2.11432705 -0.01059506 -0.00133085 -0.13666477 0.99055980
1645868526.27793002 52.62754440 4.59069483 -2.43191761 0.00811052 -0.00684930 -0.05502745 0.99842841
1645868527.44035411 53.49109461 4.46143417 -2.44786484 0.00717667 -0.00739017 -0.07018758 0.99748062
1645868528.01481509 53.98354716 4.38456568 -2.49403427 0.00700995 -0.00723093 -0.05089354 0.99865330
1645868528.77117896 54.50862526 4.31705072 -2.49833942 0.00775366 -0.00734507 -0.03312973 0.99939399
1645868529.68110394 55.12811088 4.28820899 -2.54265076 0.00894315 -0.00840835 -0.02280743 0.99966451
1645868530.60987210 55.64567351 4.24283066 -2.48217062 0.01492166 -0.00876284 -0.01448452 0.99974535
1645868538.51146889 62.32560377 3.98084270 -2.75206695 0.02096353 -0.01170461 0.01231854 0.99963583
1645868539.43464899 62.86950785 4.00031506 -2.79164063 0.02156027 -0.01203367 0.04500621 0.99868152
1645868540.84539795 63.76462817 4.10057374 -2.78883642 0.02347021 -0.01243476 0.04501107 0.99863333
1645868541.67818594 64.31064911 4.14986023 -2.77870841 0.02228772 -0.01195617 0.01731876 0.99953007
1645868542.43413711 64.86438200 4.16063114 -2.76691533 0.02059613 -0.01179245 0.01751522 0.99956488
1645868543.10132408 65.38402314 4.19308833 -2.78735113 0.01983223 -0.01160246 0.01451311 0.99963065
1645868543.76563692 65.89189432 4.21027442 -2.78930696 0.02053654 -0.01164462 0.01774661 0.99956376
1645868544.43416595 66.40982356 4.23656198 -2.80118448 0.02030569 -0.01154601 0.01320124 0.99963998
1645868545.17615104 66.97201528 4.25609804 -2.80496999 0.02071132 -0.01262870 0.00118209 0.99970504
1645868545.84139895 67.47918678 4.25689809 -2.81641294 0.02149030 -0.01276666 0.02303189 0.99942219
1645868546.67693400 68.01401177 4.28864157 -2.77449052 0.02129846 -0.01225208 0.02256390 0.99944341
1645868547.43193889 68.56204884 4.33092241 -2.78322187 0.02051553 -0.01242149 0.02363772 0.99943288
1645868548.17582512 69.07448134 4.34797416 -2.77290933 0.02039143 -0.01266954 0.02490190 0.99940160
1645868548.84360695 69.58467071 4.36106113 -2.77543244 0.02069050 -0.01257400 0.03677385 0.99903027
1645868549.51072192 70.11620445 4.41188842 -2.77533272 0.02013807 -0.01224062 0.02581056 0.99938903
1645868550.26582789 70.65507711 4.43419583 -2.78214385 0.02054736 -0.01170650 0.02692664 0.99935765
1645868550.93481898 71.15927622 4.47152891 -2.80921634 0.02009381 -0.01166711 0.03559610 0.99909611
1645868551.60018897 71.67275903 4.53659038 -2.87415794 0.01827594 -0.01170336 0.02767523 0.99938136
1645868554.51119208 73.79050485 4.62591195 -2.71113707 0.01559515 -0.00969215 0.02249355 0.99957836
1645868555.26542306 74.34902543 4.64776788 -2.70580210 0.01808286 -0.00932040 0.03293762 0.99925035
1645868556.00983405 74.86739589 4.67374581 -2.72531625 0.01856098 -0.00927777 0.03857107 0.99904038
1645868556.76575708 75.40401882 4.73397414 -2.74639348 0.01884297 -0.01002338 0.03140111 0.99927896
1645868557.51008010 75.94615781 4.75327096 -2.85720989 0.01985281 -0.01254706 0.02688216 0.99936269
1645868558.26697803 76.45123258 4.80401778 -2.81835043 0.01797598 -0.01203520 0.02695170 0.99940263
1645868559.10081196 76.96941123 4.83699970 -2.82839813 0.01760739 -0.01225069 0.03069602 0.99929858
1645868560.09462190 77.46438245 4.88441814 -2.89759902 0.01470357 -0.01521602 0.00732859 0.99974925
1645868561.26568604 77.96422975 4.90193184 -2.98331784 0.01459908 -0.01816812 -0.01176652 0.99965911
1645868562.60216498 78.31425418 4.82643444 -3.34544796 0.03526525 -0.01477458 -0.01817233 0.99910352
1645868563.17589688 78.47714157 4.81991273 -3.82747459 0.03869963 -0.01744084 -0.00132832 0.99909779
1645868564.76832199 78.98209730 4.81919250 -3.91981679 0.03322732 -0.01415078 0.01802739 0.99918502
1645868567.17810202 79.48980505 4.85100738 -3.96145954 0.03539458 -0.01921425 0.01126240 0.99912521
1645868568.76647305 80.01090201 4.90700282 -3.98630881 0.02947470 -0.02335581 0.01353873 0.99920091
1645868569.59988499 80.51306559 4.94035273 -3.98420448 0.03012072 -0.02380535 0.02030175 0.99905650
1645868570.34398508 81.01703120 4.96383232 -3.97634274 0.03108719 -0.02405865 0.03505005 0.99861217
1645868571.17900395 81.54666307 5.00333608 -3.94144742 0.03281620 -0.02318637 0.03868172 0.99844340
1645868571.84537292 82.05638127 5.06845294 -3.94969501 0.03146169 -0.02298411 0.03190809 0.99873108
1645868572.60711694 82.55492581 5.11795159 -3.96074129 0.03081220 -0.02285492 0.02927389 0.99883497
1645868573.44024301 83.08424117 5.17018781 -3.96565487 0.02992124 -0.02269100 0.02457542 0.99899244
1645868574.34680891 83.60869074 5.21878834 -3.99123241 0.02792658 -0.02431112 0.02000340 0.99911408
1645868575.27337503 84.13827839 5.24751623 -3.98235632 0.02829624 -0.02435110 0.02775445 0.99891743
1645868576.27293491 84.63912143 5.28370074 -3.96129782 0.02905208 -0.02432642 0.04007021 0.99847813
1645868577.27421188 85.16763224 5.32725356 -3.95834825 0.02938437 -0.02419762 0.04749972 0.99814569
1645868578.34626603 85.67267188 5.38965533 -3.93786521 0.03015089 -0.02441994 0.06770502 0.99695066
1645868579.51698589 86.18425145 5.45378034 -3.95616761 0.02971635 -0.02459609 0.09917643 0.99432188
1645868580.77881598 86.69040562 5.56243813 -3.96763656 0.02832184 -0.02432199 0.13401717 0.99027557
1645868582.01206207 87.19645699 5.71980232 -3.95994580 0.02880432 -0.02431356 0.18692955 0.98164989
1645868598.67965889 88.52970694 10.96571573 -6.16022971 -0.03171281 -0.13893413 0.64603262 0.74988896
1645868600.17851996 88.57813021 11.56952241 -6.09148159 -0.03290695 -0.13944774 0.64570873 0.75002113
1645868601.46677995 88.65010285 12.19881898 -6.02570862 -0.03405615 -0.13934591 0.65105816 0.74534969
1645868602.51207399 88.70805907 12.69622102 -5.96931995 -0.03328326 -0.14142803 0.64416469 0.75096085
1645868606.61888599 88.32113050 15.63754315 -5.96666842 -0.06040129 -0.13905618 0.77691804 0.61107562
1645868609.95316410 87.96876030 17.09658658 -5.87449109 -0.05534628 -0.14440107 0.74959499 0.64357787
1645868611.00661802 87.86608680 17.59095673 -5.84816126 -0.05440844 -0.14452734 0.74773399 0.64579057
1645868612.30093193 87.77076148 18.10522872 -5.83369435 -0.05204665 -0.14367127 0.73971437 0.65534141
1645868620.13174891 87.12125422 24.00246352 -4.92655699 -0.06619305 -0.12997618 0.72953910 0.66820459
1645868621.17585993 87.06772961 24.53346887 -4.89517236 -0.06614013 -0.12874190 0.73208923 0.66565484
1645868622.46517897 87.00538944 25.05939610 -4.90167991 -0.06640636 -0.12805504 0.73799934 0.65920337
1645868623.63142705 86.94498921 25.56548222 -4.87426765 -0.06682390 -0.12602652 0.74498262 0.65165388
1645868624.84286404 86.85846512 26.13424777 -4.86214398 -0.06700030 -0.12532486 0.74647586 0.65006033
1645868626.15307307 86.77879483 26.64420111 -4.84909640 -0.06840896 -0.12321033 0.75653507 0.63858760
1645868628.00830007 86.68559764 27.14614762 -4.79704531 -0.07688028 -0.11500563 0.79821361 0.58627482
1645868637.66654491 89.36390472 34.45194556 -0.95856696 -0.07876165 0.04464189 0.88174467 0.46295792
1645868639.26347899 89.08143234 34.83945976 -1.10742818 -0.07582121 0.05522335 0.92365504 0.37156815
1645868641.00331807 88.65543805 35.21638579 -1.18900217 -0.06983414 0.06967953 0.95848603 0.26753033
1645868642.33801603 88.17665390 35.44012172 -1.44782202 -0.06741161 0.06917982 0.96606515 0.23955783
1645868651.93448806 82.66388296 38.08752012 -2.79110827 -0.07137929 0.06124371 0.96482911 0.24547709
1645868656.00472999 79.90634030 39.46597775 -3.41046961 -0.07340681 0.06062042 0.96106597 0.25940087
1645868656.67047095 79.45512156 39.68997195 -3.52541770 -0.07326868 0.06111742 0.96062669 0.26094581
1645868669.27039599 70.83348696 43.99117354 -5.60296717 -0.07012334 0.06524362 0.97180562 0.21545258
1645868670.17552209 70.38510211 44.19288100 -5.69915379 -0.06946171 0.06659531 0.97434585 0.20344607
1645868671.17484999 69.91270704 44.36782444 -5.79582772 -0.06833672 0.06878955 0.97763800 0.18660663
1645868673.28968906 68.94082011 44.66309579 -5.98978090 -0.06637822 0.07256401 0.98250789 0.15813487
1645868674.76808906 68.41195695 44.81597083 -6.10423830 -0.06525560 0.07351349 0.98633606 0.13220684
1645868682.11712003 64.88220896 45.83151843 -6.86826614 -0.06852963 0.06198178 0.96972341 0.22604968
1645868683.50837302 64.41021714 46.01889078 -6.97745216 -0.06870896 0.06237647 0.96958100 0.22649711
1645868684.67723703 63.96551899 46.22158533 -7.08598445 -0.06936786 0.06064705 0.96782936 0.23412897
1645868686.62141800 63.22287224 46.52971879 -7.23089529 -0.07109118 0.06087393 0.96771751 0.23401545
1645868690.17280102 60.38757169 47.69947511 -7.85783542 -0.07245398 0.06313397 0.97170717 0.21575381
1645868692.61686301 59.51023724 48.09586436 -8.06472787 -0.07351518 0.06243686 0.96802743 0.23156002
1645868696.84007192 57.70185388 48.86772633 -8.46655920 -0.07401376 0.06100837 0.96877727 0.22862754
1645868697.83993793 57.22798821 49.04948789 -8.56310923 -0.07455112 0.06162171 0.96821047 0.23068027
1645868705.12684298 55.34584469 49.93546350 -9.00473737 -0.07584922 0.06100436 0.96845063 0.22940953
1645868722.33413601 48.17826610 53.77817055 -10.59381760 -0.07878740 0.04976680 0.93935632 0.33003865
1645868728.12135601 45.64110512 55.65639005 -11.30756687 -0.08016129 0.04562531 0.93554739 0.34094513
1645868729.33429694 45.01326668 56.11038831 -11.47347604 -0.08003969 0.04799683 0.93983990 0.32861971
1645868730.50309396 44.51144182 56.46809738 -11.61554406 -0.07960998 0.04898615 0.94360600 0.31760089
1645868732.45348501 43.67002348 57.03140198 -11.81160030 -0.07883625 0.05184405 0.94688536 0.30741690
1645868733.17158294 43.24947518 57.29265109 -11.90574644 -0.07927325 0.05203629 0.94550771 0.31148539
1645868733.95532298 42.83977341 57.58956373 -11.99496540 -0.07896795 0.05389396 0.94292706 0.31897971
1645868735.12549591 42.22772943 58.02383083 -12.17593249 -0.07978071 0.05136417 0.93841133 0.33223626
1645868751.16450000 33.90322551 63.49675566 -14.45794778 -0.07593082 0.05832711 0.94990970 0.29749627
1645868752.61378598 33.27964353 63.88763756 -14.61149803 -0.07518987 0.05981565 0.95273209 0.28821889
1645868754.61609602 32.84158986 64.15471464 -14.70095039 -0.07658457 0.05771115 0.94397444 0.31577916
1645868758.27029991 32.13089686 64.59329096 -14.85445457 -0.07467590 0.06152116 0.94773867 0.30402313
1645868760.09869504 31.48511943 64.99025871 -15.01968147 -0.07175712 0.06760785 0.96005093 0.26188226
1645868760.99153209 31.02880839 65.24492917 -15.14100056 -0.07248034 0.06496187 0.95569254 0.27780987
1645868761.82622194 30.57702766 65.52664133 -15.21863336 -0.07363232 0.06694347 0.95663743 0.27375478
1645868762.49619102 30.13293219 65.78540266 -15.34425519 -0.07476258 0.06455438 0.95153687 0.29124025
1645868763.65573192 29.47383819 66.17175737 -15.52770334 -0.07459145 0.06499597 0.95240004 0.28835012
1645868777.25151396 19.07023355 72.81524256 -17.99369765 -0.07945690 0.03939334 0.93700245 0.33787744
1645868777.98991489 18.68714031 73.13096312 -18.09352681 -0.07962303 0.03989211 0.93802399 0.33493250
1645868778.75020289 18.27940181 73.43045878 -18.19910565 -0.07941377 0.04109017 0.94045122 0.32795816
1645868779.48796606 17.87473158 73.74337743 -18.30493202 -0.07921849 0.04250263 0.94351433 0.31890228
1645868780.25070190 17.47174280 74.04023618 -18.40716111 -0.07935652 0.04376721 0.94586551 0.31164950
1645868781.08125591 17.03618625 74.34622528 -18.53540500 -0.07892102 0.04406989 0.94770748 0.30607165
1645868781.81995606 16.62310213 74.62846453 -18.64721519 -0.07858589 0.04437531 0.94956347 0.30030703
1645868782.57858205 16.20157690 74.93225301 -18.74935866 -0.07788338 0.04840668 0.95430556 0.28441496
1645868791.15330100 11.88760150 76.31033492 -19.64397474 -0.06823275 0.06278712 0.99523906 0.03002135
1645868792.15140605 11.38370460 76.33924384 -19.74727621 -0.06598238 0.06701773 0.99556319 -0.00298002
1645868793.31664395 10.87199874 76.33217931 -19.84104438 -0.06329479 0.07187023 0.99452064 -0.04191826
1645868802.43987608 6.82092233 74.97560200 -20.31491245 -0.05516645 0.09858293 0.97074609 -0.21187284
1645868814.98504090 -0.56208286 68.53845883 -20.76360045 0.02533459 -0.11533350 -0.84034024 0.52904123
1645868816.09884501 -0.83784322 67.96596908 -20.73436259 0.02502746 -0.11538126 -0.83856994 0.53184702
1645868839.15758991 -2.31598982 58.83164993 -19.83043532 -0.02703767 -0.12708915 -0.26938940 0.95422569
1645868840.49446106 -1.88009803 58.55647973 -19.68251248 -0.02901535 -0.12563367 -0.21866958 0.96724242
1645868843.59896111 -1.41037772 58.30695481 -19.54070395 -0.02926958 -0.12486301 -0.20611915 0.97008629
1645868854.42110610 1.27198244 57.16126688 -18.86283008 -0.02426676 -0.12736279 -0.24291839 0.96134307
1645868855.41704011 1.73407772 56.91140228 -18.75427575 -0.02440751 -0.12730931 -0.24110423 0.96180318
1645868856.25000906 2.19513478 56.67991022 -18.63693184 -0.02552720 -0.12643955 -0.22168960 0.96654805
1645868857.15552092 2.70380922 56.45471745 -18.52257466 -0.02756921 -0.12580000 -0.19572322 0.97216599
1645868857.99008298 3.17816249 56.26890143 -18.40940348 -0.02789583 -0.12572952 -0.17519445 0.97607418
1645868859.58140612 3.85530070 55.97942306 -18.23924661 -0.02900446 -0.12536658 -0.15303148 0.97980780
1645868860.74461699 4.34668237 55.85425038 -18.11800834 -0.02862317 -0.12488623 -0.14570455 0.98099660
1645868861.99085307 4.83702001 55.70852560 -18.00210348 -0.02759615 -0.12461582 -0.14307291 0.98144765
