cell rep | odom kf | FE_ATE BE_ATE RE49rot | roll pitch yaw
r0.0_p0.0 rep1 | 5427 430 | 2.32 1.16 0.0731 | 2.593 2.223 1.073
r0.0_p0.0 rep2 | 5426 430 | 2.32 1.16 0.0731 | 2.593 2.223 1.073
r0.0_p0.0 rep3 | 5427 430 | 2.32 1.16 0.0731 | 2.593 2.223 1.073
r0.1_p0.1 rep1 | 5427 430 | 2.75 1.18 0.0760 | 2.906 2.239 1.170
r0.1_p0.1 rep2 | 5427 430 | 2.71 1.17 0.0687 | 2.804 1.749 1.153
r0.1_p0.1 rep3 | 5427 431 | 2.67 1.14 0.0772 | 3.367 1.759 1.228
r0.1_p0.0 rep1 | 5427 430 | 2.29 1.15 0.1396 | 3.819 5.599 1.064
r0.1_p0.0 rep2 | 5427 430 | 2.24 1.15 0.1299 | 3.210 5.374 1.070
r0.1_p0.0 rep3 | 5427 430 | 2.23 1.15 0.1296 | 3.204 5.361 1.070
r0.0_p0.1 rep1 | 5427 430 | 2.57 1.17 0.0818 | 3.180 1.571 1.170
r0.0_p0.1 rep2 | 5427 430 | 2.58 1.17 0.0819 | 3.185 1.563 1.171
r0.0_p0.1 rep3 | 5427 430 | 2.58 1.17 0.0820 | 3.189 1.565 1.172
